代码	名称	最新价	涨跌额	涨跌幅	买入	卖出	昨收	今开	最高	最低	成交量/手	成交额/万	股吧
sh600000	浦发银行	　9.76	-0.01	-0.102%	9.75	9.76	9.77	9.74	9.79	9.69	318,845	31,041.18	股吧
sh600004	白云机场	　14.21	-0.22	-1.525%	14.20	14.21	14.43	14.43	14.43	14.15	82,641	11,773.95	股吧
sh600009	上海机场	　75.63	-0.47	-0.618%	75.62	75.63	76.10	75.80	76.39	73.86	145,984	109,757.19	股吧
sh600010	包钢股份	　1.19	+0.02	+1.709%	1.18	1.19	1.17	1.17	1.19	1.17	2,810,233	33,197.47	股吧
sh600011	华能国际	　4.71	+0.18	+3.974%	4.70	4.71	4.53	4.57	4.85	4.55	748,358	35,407.69	股吧
sh600015	华夏银行	　6.23	-0.01	-0.160%	6.22	6.23	6.24	6.23	6.27	6.21	150,797	9,404.25	股吧
sh600016	民生银行	　5.20	-0.02	-0.383%	5.19	5.20	5.22	5.21	5.23	5.17	554,777	28,837.40	股吧
sh600018	上港集团	　4.55	+0.01	+0.220%	4.55	4.56	4.54	4.55	4.60	4.53	328,377	14,974.61	股吧
sh600019	宝钢股份	　6.23	+0.11	+1.797%	6.22	6.23	6.12	6.10	6.32	6.10	1,016,175	63,212.39	股吧
sh600025	华能水电	　4.52	-0.05	-1.094%	4.51	4.52	4.57	4.57	4.66	4.51	279,810	12,799.38	股吧
sh600027	华电国际	　3.44	+0.08	+2.381%	3.44	3.45	3.36	3.36	3.46	3.36	532,289	18,267.20	股吧
sh600028	中国石化	　4.10	+0.01	+0.244%	4.09	4.10	4.09	4.10	4.13	4.08	899,432	36,932.43	股吧
sh600029	南方航空	　6.16	-0.01	-0.162%	6.15	6.16	6.17	6.16	6.19	6.09	290,722	17,857.10	股吧
sh600030	中信证券	　28.81	-0.41	-1.403%	28.81	28.82	29.22	29.05	29.25	28.75	663,845	192,095.07	股吧
sh600031	三一重工	　31.56	-0.81	-2.502%	31.55	31.56	32.37	32.18	32.37	31.51	678,282	215,162.82	股吧
sh600036	招商银行	　43.10	-0.95	-2.157%	43.09	43.10	44.05	44.09	44.39	42.80	760,600	329,658.91	股吧
sh600038	中直股份	　56.30	+3.92	+7.484%	56.30	56.31	52.38	52.17	56.96	52.03	169,802	94,290.90	股吧
sh600048	保利地产	　16.05	-0.11	-0.681%	16.04	16.05	16.16	16.11	16.16	15.83	971,686	155,603.59	股吧
sh600050	中国联通	　4.69	+0.04	+0.860%	4.68	4.69	4.65	4.65	4.69	4.63	1,115,025	52,067.92	股吧
sh600061	国投资本	　13.96	-0.31	-2.172%	13.96	13.97	14.27	14.25	14.27	13.96	193,814	27,320.83	股吧
sh600066	宇通客车	　16.95	+0.17	+1.013%	16.95	16.96	16.78	16.70	17.20	16.56	185,907	31,562.33	股吧
sh600068	葛洲坝	　6.57	+0.06	+0.922%	6.56	6.57	6.51	6.51	6.58	6.50	182,262	11,910.76	股吧
sh600085	同仁堂	　25.10	+0.17	+0.682%	25.10	25.11	24.93	24.87	25.24	24.87	182,303	45,772.52	股吧
sh600089	特变电工	　9.38	+0.42	+4.687%	9.37	9.38	8.96	8.98	9.65	8.91	1,869,179	174,060.51	股吧
sh600104	上汽集团	　24.67	+0.31	+1.273%	24.67	24.68	24.36	24.33	25.04	24.21	671,866	166,314.14	股吧
sh600109	国金证券	　16.83	-0.27	-1.579%	16.83	16.84	17.10	17.00	17.10	16.68	511,461	86,290.21	股吧
sh600111	北方稀土	　12.44	+0.08	+0.647%	12.44	12.45	12.36	12.29	12.78	12.21	1,150,217	143,190.69	股吧
sh600115	东方航空	　4.77	0.00	0.000%	4.76	4.77	4.77	4.77	4.80	4.74	243,586	11,623.02	股吧
sh600118	中国卫星	　30.50	-0.30	-0.974%	30.50	30.60	30.80	30.79	31.15	30.50	92,532	28,491.67	股吧
sh600170	上海建工	　3.03	0.00	0.000%	3.02	3.03	3.03	3.03	3.04	3.02	180,663	5,467.38	股吧
sh600176	中国巨石	　17.37	+0.69	+4.137%	17.37	17.38	16.68	16.89	17.80	16.86	465,742	81,055.11	股吧
sh600177	雅戈尔	　7.17	0.00	0.000%	7.16	7.17	7.17	7.18	7.20	7.14	92,907	6,663.03	股吧
sh600183	生益科技	　27.00	+0.15	+0.559%	27.00	27.01	26.85	27.07	27.58	26.80	220,284	59,821.95	股吧
sh600188	兖州煤业	　10.79	+0.63	+6.201%	10.78	10.79	10.16	10.45	10.99	10.38	660,227	70,769.44	股吧
sh600196	复星医药	　55.91	-0.71	-1.254%	55.91	55.92	56.62	56.63	56.86	55.05	531,449	296,738.31	股吧
sh600208	新湖中宝	　3.16	+0.02	+0.637%	3.15	3.16	3.14	3.15	3.18	3.14	322,798	10,187.01	股吧
sh600219	南山铝业	　2.81	+0.07	+2.555%	2.80	2.81	2.74	2.77	2.85	2.74	1,885,661	53,052.10	股吧
sh600221	海航控股	　1.52	+0.01	+0.662%	1.52	1.53	1.51	1.51	1.53	1.50	983,209	14,943.35	股吧
sh600233	圆通速递	　11.86	-0.23	-1.902%	11.86	11.87	12.09	12.08	12.08	11.86	97,744	11,682.44	股吧
sh600271	航天信息	　12.55	0.00	0.000%	12.55	12.57	12.55	12.52	12.78	12.51	59,417	7,505.40	股吧
sh600276	恒瑞医药	　105.66	+0.48	+0.456%	105.65	105.66	105.18	105.81	107.45	104.42	463,821	492,000.71	股吧
sh600297	广汇汽车	　3.05	-0.03	-0.974%	3.04	3.05	3.08	3.04	3.10	3.04	563,181	17,258.97	股吧
sh600299	安迪苏	　12.37	+0.08	+0.651%	12.36	12.37	12.29	12.23	12.42	12.19	51,611	6,368.51	股吧
sh600309	万华化学	　87.10	+1.15	+1.338%	87.02	87.10	85.95	85.96	88.20	85.96	158,250	138,295.24	股吧
sh600332	白云山	　29.99	-0.26	-0.860%	29.99	30.00	30.25	30.28	30.36	29.95	62,814	18,863.33	股吧
sh600340	华夏幸福	　13.74	-0.07	-0.507%	13.74	13.75	13.81	13.81	13.94	13.74	77,741	10,738.09	股吧
sh600346	恒力石化	　25.60	+0.50	+1.992%	25.60	25.61	25.10	25.13	25.90	25.05	341,813	87,141.68	股吧
sh600352	浙江龙盛	　14.12	-0.04	-0.282%	14.12	14.13	14.16	14.17	14.28	14.09	225,585	32,014.46	股吧
sh600362	江西铜业	　21.41	+0.49	+2.342%	21.41	21.42	20.92	20.90	21.60	20.78	860,492	183,354.74	股吧
sh600369	西南证券	　5.17	-0.01	-0.193%	5.17	5.18	5.18	5.17	5.22	5.13	208,980	10,807.64	股吧
sh600372	中航电子	　17.25	+0.31	+1.830%	17.20	17.25	16.94	16.96	17.50	16.90	182,477	31,474.38	股吧
sh600383	金地集团	　13.67	-0.31	-2.217%	13.67	13.68	13.98	13.94	14.05	13.65	303,782	41,889.53	股吧
sh600390	五矿资本	　6.97	+0.01	+0.144%	6.97	6.98	6.96	6.93	7.06	6.89	170,351	11,867.42	股吧
sh600398	海澜之家	　6.38	-0.07	-1.085%	6.38	6.39	6.45	6.45	6.45	6.35	55,669	3,557.07	股吧
sh600406	国电南瑞	　24.15	+0.67	+2.853%	24.14	24.15	23.48	23.85	24.20	23.58	240,295	57,679.09	股吧
sh600436	片仔癀	　246.07	-4.77	-1.902%	246.07	246.22	250.84	246.80	250.50	244.85	37,483	92,805.63	股吧
sh600438	通威股份	　33.64	+1.58	+4.928%	33.64	33.65	32.06	32.00	33.76	31.82	1,104,960	364,099.66	股吧
sh600482	中国动力	　16.51	-0.15	-0.900%	16.51	16.52	16.66	16.62	16.75	16.49	28,717	4,770.05	股吧
sh600487	亨通光电	　14.01	+0.14	+1.009%	14.01	14.02	13.87	14.00	14.19	13.97	120,110	16,892.51	股吧
sh600489	中金黄金	　9.01	-0.02	-0.221%	9.01	9.02	9.03	9.09	9.12	9.01	270,392	24,482.43	股吧
sh600498	烽火通信	　23.32	-0.12	-0.512%	23.31	23.32	23.44	23.40	23.61	23.30	50,611	11,856.35	股吧
sh600516	方大炭素	　6.71	+0.21	+3.231%	6.70	6.71	6.50	6.53	6.81	6.50	781,698	52,061.00	股吧
sh600519	贵州茅台	　1845.00	-20.51	-1.099%	1845.00	1846.82	1865.51	1851.81	1869.01	1841.08	27,077	502,096.90	股吧
sh600522	中天科技	　10.53	+0.02	+0.190%	10.53	10.54	10.51	10.53	10.64	10.50	179,100	18,909.50	股吧
sh600547	山东黄金	　23.94	+0.03	+0.125%	23.93	23.94	23.91	24.08	24.13	23.83	243,429	58,374.50	股吧
sh600570	恒生电子	　101.40	+0.21	+0.208%	101.40	101.41	101.19	102.00	102.43	100.50	74,886	75,800.40	股吧
sh600583	海油工程	　4.48	+0.04	+0.901%	4.48	4.49	4.44	4.44	4.52	4.43	225,619	10,111.43	股吧
sh600585	海螺水泥	　53.17	+0.27	+0.510%	53.17	53.18	52.90	52.91	53.72	52.75	195,178	104,035.93	股吧
sh600588	用友网络	　44.81	+0.09	+0.201%	44.81	44.82	44.72	45.10	45.78	44.68	115,185	51,961.72	股吧
sh600606	绿地控股	　6.10	0.00	0.000%	6.10	6.11	6.10	6.08	6.17	6.06	217,475	13,295.27	股吧
sh600637	东方明珠	　9.04	-0.02	-0.221%	9.04	9.05	9.06	9.04	9.09	9.01	52,551	4,756.41	股吧
sh600655	豫园股份	　8.86	+0.04	+0.454%	8.86	8.87	8.82	8.82	8.95	8.78	71,242	6,333.46	股吧
sh600660	福耀玻璃	　40.20	+1.07	+2.734%	40.19	40.20	39.13	38.64	40.35	38.51	265,014	105,272.55	股吧
sh600674	川投能源	　10.18	+0.09	+0.892%	10.16	10.18	10.09	10.09	10.22	10.05	52,031	5,283.32	股吧
sh600690	海尔智家	　27.66	+0.33	+1.207%	27.66	27.67	27.33	27.30	27.86	27.20	404,000	111,395.54	股吧
sh600703	三安光电	　26.14	-1.16	-4.249%	26.13	26.14	27.30	27.49	27.49	25.80	1,111,522	291,533.43	股吧
sh600705	中航资本	　4.27	-0.06	-1.386%	4.27	4.28	4.33	4.33	4.36	4.26	277,398	11,933.87	股吧
sh600741	华域汽车	　29.27	+0.53	+1.844%	29.26	29.27	28.74	28.88	29.64	28.80	189,194	55,378.23	股吧
sh600745	闻泰科技	　97.48	-2.62	-2.617%	97.47	97.48	100.10	100.99	101.20	94.75	299,917	290,679.10	股吧
sh600760	中航沈飞	　62.13	-1.26	-1.988%	62.13	62.15	63.39	63.13	63.90	61.65	138,432	86,952.26	股吧
代码	名称	最新价	涨跌额	涨跌幅	买入	卖出	昨收	今开	最高	最低	成交量/手	成交额/万	股吧
sh600795	国电电力	　2.20	+0.03	+1.382%	2.20	2.21	2.17	2.17	2.22	2.16	1,350,871	29,735.48	股吧
sh600809	山西汾酒	　330.34	+5.98	+1.844%	330.33	330.34	324.36	322.72	345.58	313.25	80,745	262,749.36	股吧
sh600837	海通证券	　12.72	-0.03	-0.235%	12.72	12.73	12.75	12.70	12.81	12.63	409,174	52,055.18	股吧
sh600848	上海临港	　20.55	-0.15	-0.725%	20.55	20.57	20.70	20.80	20.90	20.52	17,195	3,548.82	股吧
sh600867	通化东宝	　13.17	-0.03	-0.227%	13.15	13.17	13.20	13.19	13.30	13.11	102,982	13,588.60	股吧
sh600886	国投电力	　8.67	-0.03	-0.345%	8.67	8.69	8.70	8.80	8.89	8.61	182,955	16,011.37	股吧
sh600887	伊利股份	　40.70	-0.61	-1.477%	40.69	40.70	41.31	41.01	41.43	40.26	544,025	221,610.38	股吧
sh600893	航发动力	　43.77	-0.25	-0.568%	43.77	43.80	44.02	44.34	45.13	43.69	253,249	112,371.80	股吧
sh600900	长江电力	　19.75	-0.07	-0.353%	19.75	19.76	19.82	19.91	20.02	19.67	330,529	65,535.64	股吧
sh600919	江苏银行	　5.58	-0.01	-0.179%	5.58	5.59	5.59	5.58	5.67	5.56	643,736	36,105.61	股吧
sh600926	杭州银行	　14.32	-0.28	-1.918%	14.32	14.34	14.60	14.57	14.67	14.32	145,372	21,009.24	股吧
sh600928	西安银行	　5.37	-0.10	-1.828%	5.37	5.38	5.47	5.41	5.45	5.35	223,798	12,065.56	股吧
sh600958	东方证券	　11.07	-0.06	-0.539%	11.07	11.08	11.13	11.08	11.17	11.00	284,732	31,552.17	股吧
sh600968	海油发展	　2.50	+0.02	+0.806%	2.49	2.50	2.48	2.48	2.52	2.47	305,819	7,623.40	股吧
sh600977	中国电影	　12.94	+0.02	+0.155%	12.93	12.94	12.92	12.92	13.05	12.81	64,932	8,395.55	股吧
sh600989	宝丰能源	　11.89	+0.04	+0.338%	11.88	11.89	11.85	12.00	12.18	11.75	302,231	36,124.10	股吧
sh600998	九州通	　17.29	-0.09	-0.518%	17.28	17.29	17.38	17.48	17.48	17.20	34,189	5,920.64	股吧
sh600999	招商证券	　22.55	-0.05	-0.221%	22.50	22.55	22.60	22.40	22.69	22.18	256,731	57,514.26	股吧
sh601006	大秦铁路	　6.60	+0.06	+0.917%	6.59	6.60	6.54	6.57	6.62	6.56	362,834	23,903.74	股吧
sh601009	南京银行	　7.97	-0.07	-0.871%	7.96	7.97	8.04	8.05	8.07	7.93	271,691	21,683.71	股吧
sh601012	隆基股份	　77.65	+2.84	+3.796%	77.65	77.66	74.81	74.75	77.80	74.44	493,019	379,420.98	股吧
sh601018	宁波港	　3.77	-0.03	-0.789%	3.77	3.78	3.80	3.78	3.82	3.74	161,862	6,130.55	股吧
sh601021	春秋航空	　53.75	+0.45	+0.844%	53.75	53.76	53.30	53.20	54.09	52.68	51,298	27,465.83	股吧
sh601066	中信建投	　41.38	-0.78	-1.850%	41.38	41.39	42.16	41.60	42.10	41.36	173,737	72,400.94	股吧
sh601077	渝农商行	　4.49	-0.03	-0.664%	4.49	4.50	4.52	4.51	4.53	4.48	228,627	10,293.27	股吧
sh601088	中国神华	　19.07	+0.94	+5.185%	19.07	19.08	18.13	18.45	19.12	18.39	661,011	124,439.49	股吧
sh601100	恒立液压	　99.66	-2.36	-2.313%	99.66	99.67	102.02	102.06	102.26	98.05	65,536	65,425.28	股吧
sh601108	财通证券	　12.84	-0.04	-0.311%	12.83	12.84	12.88	12.79	13.03	12.78	438,571	56,532.66	股吧
sh601111	中国国航	　7.64	0.00	0.000%	7.63	7.64	7.64	7.61	7.69	7.55	373,152	28,418.81	股吧
sh601117	中国化学	　5.88	+0.06	+1.031%	5.88	5.89	5.82	5.91	6.03	5.86	602,854	35,724.91	股吧
sh601138	工业富联	　13.65	+0.07	+0.515%	13.64	13.65	13.58	13.63	13.75	13.57	134,098	18,289.68	股吧
sh601155	新城控股	　35.38	-0.54	-1.503%	35.38	35.39	35.92	36.00	36.00	35.30	57,705	20,498.01	股吧
sh601162	天风证券	　5.99	-0.07	-1.155%	5.99	6.00	6.06	6.03	6.09	5.97	670,889	40,430.44	股吧
sh601166	兴业银行	　20.46	-0.31	-1.493%	20.42	20.46	20.77	20.63	20.79	20.18	972,564	198,700.02	股吧
sh601169	北京银行	　4.82	-0.03	-0.619%	4.81	4.82	4.85	4.84	4.85	4.80	455,737	21,966.71	股吧
sh601186	中国铁建	　8.16	-0.05	-0.609%	8.16	8.17	8.21	8.22	8.32	8.16	669,910	54,957.27	股吧
sh601198	东兴证券	　12.67	+0.01	+0.079%	12.67	12.68	12.66	12.62	12.75	12.52	108,254	13,678.80	股吧
sh601211	国泰君安	　17.92	-0.10	-0.555%	17.91	17.92	18.02	17.90	17.98	17.73	254,198	45,391.63	股吧
sh601212	白银有色	　2.90	+0.05	+1.754%	2.89	2.90	2.85	2.85	2.94	2.84	810,680	23,509.30	股吧
sh601216	君正集团	　4.98	-0.10	-1.969%	4.98	4.99	5.08	5.03	5.06	4.97	896,080	44,807.41	股吧
sh601225	陕西煤业	　9.80	+0.39	+4.145%	9.80	9.81	9.41	9.71	9.86	9.57	1,197,103	116,533.69	股吧
sh601229	上海银行	　7.81	-0.10	-1.264%	7.81	7.83	7.91	7.90	7.92	7.81	182,410	14,340.44	股吧
sh601231	环旭电子	　19.51	-0.11	-0.561%	19.50	19.51	19.62	19.70	19.90	19.43	79,782	15,634.20	股吧
sh601236	红塔证券	　16.70	-0.31	-1.822%	16.69	16.70	17.01	17.00	17.06	16.63	117,171	19,714.52	股吧
sh601238	广汽集团	　14.27	+0.66	+4.849%	14.26	14.27	13.61	13.50	14.40	13.45	728,674	102,605.66	股吧
sh601288	农业银行	　3.17	-0.01	-0.314%	3.16	3.17	3.18	3.18	3.19	3.16	1,632,848	51,781.52	股吧
sh601298	青岛港	　6.12	+0.02	+0.328%	6.11	6.12	6.10	6.10	6.14	6.06	107,076	6,537.37	股吧
sh601318	中国平安	　87.79	-1.19	-1.337%	87.74	87.79	88.98	88.80	89.25	87.12	499,816	439,518.31	股吧
sh601319	中国人保	　6.55	-0.07	-1.057%	6.55	6.56	6.62	6.58	6.63	6.54	432,427	28,443.74	股吧
sh601328	交通银行	　4.51	-0.01	-0.221%	4.50	4.51	4.52	4.51	4.53	4.50	938,116	42,309.61	股吧
sh601336	新华保险	　59.30	-0.98	-1.626%	59.30	59.32	60.28	60.02	60.77	58.91	107,925	64,506.16	股吧
sh601360	三六零	　16.61	-0.54	-3.149%	16.60	16.61	17.15	17.15	17.18	16.52	294,487	49,365.88	股吧
sh601377	兴业证券	　8.34	-0.13	-1.535%	8.33	8.34	8.47	8.40	8.47	8.32	538,666	45,180.77	股吧
sh601390	中国中铁	　5.48	+0.06	+1.107%	5.47	5.48	5.42	5.43	5.54	5.41	647,872	35,393.12	股吧
sh601398	工商银行	　5.00	-0.03	-0.596%	4.99	5.00	5.03	5.01	5.03	4.98	2,197,722	109,895.20	股吧
sh601555	东吴证券	　9.57	-0.06	-0.623%	9.57	9.58	9.63	9.62	9.71	9.54	179,765	17,281.58	股吧
sh601577	长沙银行	　9.31	-0.08	-0.852%	9.31	9.32	9.39	9.35	9.41	9.21	123,291	11,439.87	股吧
sh601600	中国铝业	　3.80	+0.01	+0.264%	3.80	3.81	3.79	3.85	3.89	3.78	1,744,326	66,751.91	股吧
sh601601	中国太保	　37.43	-0.75	-1.964%	37.43	37.45	38.18	37.90	38.10	37.26	323,169	121,491.73	股吧
sh601607	上海医药	　19.26	-0.12	-0.619%	19.25	19.26	19.38	19.38	19.50	19.23	73,072	14,120.25	股吧
sh601618	中国中冶	　2.86	+0.18	+6.716%	2.85	2.86	2.68	2.67	2.95	2.66	3,630,235	102,566.19	股吧
sh601628	中国人寿	　38.91	-0.90	-2.261%	38.91	38.92	39.81	39.76	40.10	38.81	152,482	59,849.17	股吧
sh601633	长城汽车	　28.97	+2.63	+9.985%	28.97	0.00	26.34	26.39	28.97	26.12	660,854	184,905.45	股吧
sh601658	邮储银行	　4.83	-0.04	-0.821%	4.83	4.84	4.87	4.84	4.88	4.82	357,425	17,310.98	股吧
sh601668	中国建筑	　5.14	+0.02	+0.391%	5.13	5.14	5.12	5.11	5.20	5.09	1,806,078	92,805.60	股吧
sh601669	中国电建	　4.00	+0.05	+1.266%	3.99	4.00	3.95	3.93	4.05	3.92	796,514	31,782.51	股吧
sh601688	华泰证券	　18.20	-0.31	-1.675%	18.19	18.20	18.51	18.50	18.54	18.16	558,940	102,307.39	股吧
sh601698	中国卫通	　18.39	-0.16	-0.863%	18.39	18.40	18.55	18.55	18.65	18.29	52,279	9,648.87	股吧
sh601727	上海电气	　5.54	+0.10	+1.838%	5.54	5.55	5.44	5.44	5.57	5.40	473,712	26,167.84	股吧
sh601766	中国中车	　5.37	-0.06	-1.105%	5.36	5.37	5.43	5.44	5.49	5.37	807,897	43,660.04	股吧
sh601788	光大证券	　18.52	+0.14	+0.762%	18.52	18.53	18.38	18.35	19.12	17.95	529,776	97,744.79	股吧
sh601800	中国交建	　7.41	-0.02	-0.269%	7.41	7.42	7.43	7.41	7.60	7.39	369,325	27,551.74	股吧
sh601808	中海油服	　13.35	-0.32	-2.341%	13.35	13.36	13.67	13.66	13.74	13.35	87,992	11,885.23	股吧
sh601816	京沪高铁	　5.79	+0.04	+0.696%	5.78	5.79	5.75	5.74	5.80	5.72	291,330	16,820.91	股吧
sh601818	光大银行	　3.99	-0.07	-1.724%	3.99	4.00	4.06	4.05	4.07	3.97	1,060,408	42,510.98	股吧
sh601828	美凯龙	　8.45	-0.13	-1.515%	8.45	8.46	8.58	8.59	8.59	8.44	33,951	2,889.85	股吧
sh601838	成都银行	　10.50	-0.18	-1.685%	10.50	10.51	10.68	10.60	10.77	10.50	216,646	22,920.67	股吧
sh601857	中国石油	　4.26	+0.04	+0.948%	4.26	4.27	4.22	4.21	4.28	4.20	985,449	41,905.56	股吧
sh601877	正泰电器	　35.32	+1.07	+3.124%	35.32	35.33	34.25	34.09	35.58	34.01	211,455	73,917.09	股吧
sh601878	浙商证券	　15.02	-0.23	-1.508%	15.02	15.03	15.25	15.21	15.33	14.95	365,731	55,332.13	股吧
代码	名称	最新价	涨跌额	涨跌幅	买入	卖出	昨收	今开	最高	最低	成交量/手	成交额/万	股吧
sh601881	中国银河	　12.14	-0.18	-1.461%	12.13	12.14	12.32	12.30	12.34	12.11	197,739	24,121.49	股吧
sh601888	中国中免	　217.25	-8.24	-3.654%	217.25	217.26	225.49	222.78	224.78	216.85	114,645	251,059.45	股吧
sh601898	中煤能源	　4.56	+0.24	+5.556%	4.55	4.56	4.32	4.40	4.60	4.38	653,413	29,533.23	股吧
sh601899	紫金矿业	　9.19	+0.36	+4.077%	9.19	9.20	8.83	8.95	9.33	8.92	3,749,245	342,891.69	股吧
sh601901	方正证券	　8.70	-0.04	-0.458%	8.69	8.70	8.74	8.72	8.85	8.65	202,372	17,668.02	股吧
sh601916	浙商银行	　4.04	-0.03	-0.737%	4.04	4.05	4.07	4.05	4.07	4.03	193,817	7,845.16	股吧
sh601919	中远海控	　10.07	-0.05	-0.494%	10.07	10.08	10.12	10.05	10.29	9.94	1,035,761	104,410.38	股吧
sh601933	永辉超市	　7.27	-0.05	-0.683%	7.26	7.27	7.32	7.28	7.36	7.26	397,421	28,963.03	股吧
sh601939	建设银行	　6.41	-0.04	-0.620%	6.40	6.41	6.45	6.41	6.44	6.37	1,191,733	76,308.75	股吧
sh601985	中国核电	　4.85	+0.11	+2.321%	4.84	4.85	4.74	4.75	4.92	4.75	815,783	39,586.54	股吧
sh601988	中国银行	　3.18	-0.01	-0.313%	3.18	3.19	3.19	3.19	3.19	3.18	777,231	24,740.14	股吧
sh601989	中国重工	　4.06	-0.02	-0.490%	4.06	4.07	4.08	4.07	4.12	4.05	648,665	26,480.87	股吧
sh601992	金隅集团	　3.02	-0.01	-0.330%	3.02	3.03	3.03	3.04	3.06	3.02	165,788	5,029.85	股吧
sh601997	贵阳银行	　7.90	-0.07	-0.878%	7.89	7.90	7.97	7.96	8.01	7.87	235,256	18,649.29	股吧
sh601998	中信银行	　5.10	-0.01	-0.196%	5.09	5.10	5.11	5.10	5.12	5.08	124,834	6,361.36	股吧
sh603019	中科曙光	　32.04	-0.60	-1.838%	32.04	32.20	32.64	33.00	33.01	32.04	152,285	49,497.89	股吧
sh603156	养元饮品	　28.00	-0.87	-3.014%	27.99	28.00	28.87	28.78	28.78	27.90	39,326	11,055.58	股吧
sh603160	汇顶科技	　154.10	+0.30	+0.195%	154.10	154.12	153.80	155.72	158.88	153.89	31,227	48,686.87	股吧
sh603259	药明康德	　121.80	-1.20	-0.976%	121.80	121.88	123.00	122.38	123.91	121.38	107,248	131,287.64	股吧
sh603260	合盛硅业	　38.70	+0.54	+1.415%	38.70	38.71	38.16	38.20	39.44	37.81	72,654	28,214.43	股吧
sh603288	海天味业	　189.04	-6.96	-3.551%	189.04	189.05	196.00	188.35	192.45	185.00	106,208	199,973.39	股吧
sh603369	今世缘	　57.22	-0.74	-1.277%	57.21	57.22	57.96	57.12	59.00	56.50	183,259	105,540.35	股吧
sh603501	韦尔股份	　233.00	+4.10	+1.791%	232.94	233.00	228.90	232.99	236.32	230.02	56,537	131,984.49	股吧
sh603658	安图生物	　151.90	-3.19	-2.057%	151.80	151.90	155.09	154.57	155.50	150.40	22,891	34,941.54	股吧
sh603799	华友钴业	　64.72	+2.91	+4.708%	64.72	64.73	61.81	61.60	66.86	61.59	469,447	303,076.19	股吧
sh603833	欧派家居	　128.27	-0.62	-0.481%	128.21	128.27	128.89	128.80	130.22	127.00	11,817	15,167.10	股吧
sh603899	晨光文具	　83.83	-0.22	-0.262%	83.79	83.83	84.05	84.50	84.85	83.00	30,299	25,411.32	股吧
sh603986	兆易创新	　201.90	-3.41	-1.661%	201.89	201.90	205.31	208.40	209.50	201.00	77,880	158,961.73	股吧
sh603993	洛阳钼业	　5.06	-0.06	-1.172%	5.06	5.07	5.12	5.08	5.14	4.96	6,430,312	324,322.79	股吧
sz000001	平安银行	　18.36	-0.59	-3.113%	18.35	18.36	18.95	19.00	19.10	18.23	1,058,756	195,976.41	股吧
sz000002	万 科Ａ	　28.50	-0.34	-1.179%	28.50	28.51	28.84	28.84	28.85	28.35	525,459	149,969.74	股吧
sz000063	中兴通讯	　32.81	0.00	0.000%	32.81	32.82	32.81	32.91	33.31	32.77	306,196	101,068.19	股吧
sz000066	中国长城	　15.72	-0.48	-2.963%	15.72	15.73	16.20	16.30	16.30	15.70	660,730	104,732.70	股吧
sz000069	华侨城Ａ	　6.84	-0.02	-0.292%	6.84	6.85	6.86	6.86	6.91	6.84	230,759	15,853.92	股吧
sz000100	TCL科技	　6.90	-0.15	-2.128%	6.90	6.91	7.05	7.03	7.05	6.85	2,431,087	168,077.55	股吧
sz000157	中联重科	　9.39	-0.20	-2.086%	9.39	9.40	9.59	9.51	9.53	9.20	1,474,364	137,604.67	股吧
sz000166	申万宏源	　5.09	-0.06	-1.165%	5.09	5.10	5.15	5.13	5.16	5.09	552,243	28,296.69	股吧
sz000333	美的集团	　89.30	-0.37	-0.413%	89.00	89.30	89.67	89.11	89.99	88.32	274,777	244,647.11	股吧
sz000338	潍柴动力	　16.05	+0.01	+0.062%	16.05	16.06	16.04	16.08	16.27	15.90	455,193	73,188.31	股吧
sz000425	徐工机械	　5.58	-0.10	-1.761%	5.58	5.59	5.68	5.63	5.67	5.57	670,501	37,599.73	股吧
sz000538	云南白药	　113.90	+1.72	+1.533%	113.89	113.90	112.18	112.00	115.77	111.45	123,240	140,391.79	股吧
sz000568	泸州老窖	　204.63	-0.17	-0.083%	204.60	204.63	204.80	204.80	212.00	202.52	192,300	399,241.18	股吧
sz000596	古井贡酒	　268.30	+3.09	+1.165%	268.27	268.30	265.21	266.01	270.07	263.00	29,649	79,284.90	股吧
sz000625	长安汽车	　23.72	+0.44	+1.890%	23.71	23.72	23.28	23.07	24.23	22.96	1,675,057	398,856.23	股吧
sz000627	天茂集团	　4.96	-0.06	-1.195%	4.95	4.96	5.02	5.01	5.03	4.94	95,289	4,742.78	股吧
sz000651	格力电器	　61.37	-0.24	-0.390%	61.37	61.38	61.61	61.63	62.01	61.06	356,066	218,961.89	股吧
sz000656	金科股份	　7.27	-0.01	-0.137%	7.27	7.28	7.28	7.35	7.37	7.25	223,701	16,324.38	股吧
sz000661	长春高新	　448.42	+9.00	+2.048%	448.42	448.50	439.42	440.00	450.70	433.33	60,913	270,385.60	股吧
sz000671	阳 光 城	　6.72	-0.06	-0.885%	6.72	6.73	6.78	6.79	6.80	6.71	103,093	6,948.82	股吧
sz000703	恒逸石化	　12.69	-0.15	-1.168%	12.68	12.69	12.84	12.84	12.92	12.38	534,380	67,347.45	股吧
sz000708	中信特钢	　21.60	+0.37	+1.743%	21.59	21.60	21.23	21.30	21.79	21.13	35,859	7,715.82	股吧
sz000709	河钢股份	　2.30	+0.10	+4.545%	2.30	2.31	2.20	2.21	2.31	2.20	1,496,970	34,036.24	股吧
sz000723	美锦能源	　6.58	+0.13	+2.016%	6.58	6.59	6.45	6.49	6.72	6.47	1,019,825	67,425.05	股吧
sz000725	京东方Ａ	　5.18	-0.07	-1.333%	5.18	5.19	5.25	5.28	5.28	5.15	4,050,243	210,398.80	股吧
sz000728	国元证券	　8.64	-0.08	-0.917%	8.62	8.64	8.72	8.69	8.75	8.58	360,607	31,234.32	股吧
sz000768	中航西飞	　29.21	-0.57	-1.914%	29.21	29.22	29.78	30.00	30.48	29.15	284,043	84,450.89	股吧
sz000776	广发证券	　16.04	-0.17	-1.049%	16.03	16.04	16.21	16.22	16.24	16.00	330,359	53,128.35	股吧
sz000783	长江证券	　8.22	-0.04	-0.484%	8.22	8.23	8.26	8.28	8.43	8.21	333,611	27,740.38	股吧
sz000786	北新建材	　35.74	-0.94	-2.563%	35.71	35.74	36.68	36.88	37.11	35.37	168,307	60,599.20	股吧
sz000858	五 粮 液	　276.86	-0.95	-0.342%	276.86	276.87	277.81	276.90	279.68	274.08	150,825	417,975.50	股吧
sz000860	顺鑫农业	　68.52	-0.78	-1.126%	68.51	68.52	69.30	68.88	70.50	67.68	131,112	90,675.07	股吧
sz000876	新 希 望	　22.77	-0.08	-0.350%	22.77	22.78	22.85	22.89	23.28	22.71	349,933	80,327.20	股吧
sz000895	双汇发展	　47.70	-1.50	-3.049%	47.70	47.71	49.20	49.20	49.21	47.18	179,249	85,994.22	股吧
sz000938	紫光股份	　20.73	-0.25	-1.192%	20.73	20.74	20.98	21.08	21.20	20.62	172,862	36,094.23	股吧
sz000961	中南建设	　9.04	-0.08	-0.877%	9.04	9.05	9.12	9.10	9.20	9.00	215,973	19,601.36	股吧
sz000963	华东医药	　30.03	-0.34	-1.120%	30.03	30.05	30.37	30.20	30.58	29.75	219,793	66,172.01	股吧
sz000977	浪潮信息	　27.02	-0.46	-1.674%	27.02	27.03	27.48	27.52	27.68	27.00	152,277	41,399.36	股吧
sz001979	招商蛇口	　13.47	-0.10	-0.737%	13.47	13.48	13.57	13.56	13.65	13.47	70,292	9,524.04	股吧
sz002001	新 和 成	　32.36	-0.62	-1.880%	32.35	32.36	32.98	32.90	33.16	32.14	163,221	53,026.72	股吧
sz002007	华兰生物	　44.43	-0.08	-0.180%	44.43	44.44	44.51	44.37	45.17	43.60	222,538	98,847.31	股吧
sz002008	大族激光	　39.91	+0.11	+0.276%	39.91	39.92	39.80	40.20	40.29	39.33	123,058	48,866.70	股吧
sz002024	苏宁易购	　7.88	-0.07	-0.881%	7.87	7.88	7.95	7.95	8.00	7.86	237,288	18,773.65	股吧
sz002027	分众传媒	　10.29	+0.94	+10.053%	10.29	0.00	9.35	10.25	10.29	10.10	2,676,254	274,637.18	股吧
sz002032	苏 泊 尔	　73.56	-0.22	-0.298%	73.50	73.56	73.78	74.24	74.41	72.90	15,481	11,396.33	股吧
sz002044	美年健康	　11.68	-0.19	-1.601%	11.68	11.69	11.87	11.88	11.88	11.63	305,181	35,763.71	股吧
sz002050	三花智控	　21.90	+0.20	+0.922%	21.89	21.90	21.70	21.70	22.21	21.33	437,808	95,188.54	股吧
sz002120	韵达股份	　16.45	-0.45	-2.663%	16.44	16.45	16.90	16.90	16.93	16.42	142,292	23,603.01	股吧
sz002129	中环股份	　25.15	+0.49	+1.987%	25.14	25.15	24.66	24.90	25.36	24.55	741,836	185,947.41	股吧
sz002142	宁波银行	　34.52	-0.80	-2.265%	34.52	34.53	35.32	35.10	35.50	34.35	322,449	112,227.45	股吧
sz002146	荣盛发展	　6.87	-0.02	-0.290%	6.86	6.87	6.89	6.93	6.93	6.85	124,543	8,577.39	股吧
代码	名称	最新价	涨跌额	涨跌幅	买入	卖出	昨收	今开	最高	最低	成交量/手	成交额/万	股吧
sz002153	石基信息	　31.45	-1.07	-3.290%	31.43	31.45	32.52	32.59	32.59	31.17	40,473	12,781.04	股吧
sz002157	正邦科技	　16.99	-0.41	-2.356%	16.99	17.00	17.40	17.41	17.42	16.98	333,697	57,108.97	股吧
sz002179	中航光电	　63.56	+1.38	+2.219%	63.56	63.57	62.18	62.64	65.10	62.31	97,502	62,299.56	股吧
sz002202	金风科技	　13.10	+0.29	+2.264%	13.10	13.11	12.81	13.00	13.21	12.90	994,728	130,195.70	股吧
sz002230	科大讯飞	　38.83	+0.70	+1.836%	38.82	38.83	38.13	38.48	39.23	38.11	304,168	117,761.19	股吧
sz002236	大华股份	　20.26	+0.05	+0.247%	20.26	20.27	20.21	20.28	20.77	20.23	187,253	38,213.70	股吧
sz002241	歌尔股份	　37.22	+0.62	+1.694%	37.22	37.23	36.60	36.70	37.57	36.20	582,183	214,835.60	股吧
sz002252	上海莱士	　7.59	-0.20	-2.567%	7.59	7.60	7.79	7.75	7.77	7.59	289,549	22,170.35	股吧
sz002271	东方雨虹	　35.46	+0.44	+1.256%	35.46	35.47	35.02	35.00	35.88	34.65	183,034	64,938.86	股吧
sz002304	洋河股份	　212.18	-1.32	-0.618%	212.17	212.18	213.50	211.52	214.80	209.09	83,948	177,861.85	股吧
sz002311	海大集团	　58.50	-2.49	-4.083%	58.50	58.53	60.99	60.67	60.97	58.36	95,214	56,435.99	股吧
sz002352	顺丰控股	　80.00	+0.65	+0.819%	79.99	80.00	79.35	79.40	81.00	79.40	150,133	120,247.52	股吧
sz002371	北方华创	　159.00	-1.69	-1.052%	158.98	159.00	160.69	164.49	164.60	158.80	55,278	88,854.29	股吧
sz002410	广联达	　72.00	+1.08	+1.523%	71.66	72.00	70.92	71.19	72.18	70.11	64,536	46,207.28	股吧
sz002415	海康威视	　45.88	+1.01	+2.251%	45.88	45.89	44.87	44.70	45.88	44.54	568,843	257,756.25	股吧
sz002422	科伦药业	　19.50	-0.33	-1.664%	19.50	19.54	19.83	19.89	19.89	19.50	91,835	18,033.29	股吧
sz002456	欧菲光	　14.17	-0.21	-1.460%	14.17	14.18	14.38	14.39	14.43	14.14	282,638	40,212.30	股吧
sz002460	赣锋锂业	　89.40	+6.10	+7.323%	89.39	89.40	83.30	83.57	90.11	82.95	407,664	355,241.42	股吧
sz002463	沪电股份	　18.77	+0.06	+0.321%	18.76	18.77	18.71	18.92	19.05	18.62	129,950	24,462.45	股吧
sz002466	天齐锂业	　34.00	-0.18	-0.527%	34.00	34.01	34.18	33.99	35.35	33.03	1,321,658	453,316.39	股吧
sz002468	申通快递	　10.83	-0.24	-2.168%	10.83	10.84	11.07	11.02	11.06	10.82	99,411	10,851.70	股吧
sz002475	立讯精密	　51.48	-0.91	-1.737%	51.48	51.49	52.39	52.72	52.72	50.70	513,226	264,075.13	股吧
sz002493	荣盛石化	　24.07	-0.63	-2.551%	24.07	24.09	24.70	24.79	25.09	23.80	210,902	51,272.59	股吧
sz002508	老板电器	　42.20	-0.40	-0.939%	42.19	42.20	42.60	42.80	43.08	41.66	87,611	36,911.12	股吧
sz002555	三七互娱	　27.79	-0.57	-2.010%	27.79	27.80	28.36	28.40	28.40	27.51	314,194	87,185.93	股吧
sz002558	巨人网络	　17.01	0.00	0.000%	17.01	17.02	17.01	17.00	17.17	16.88	32,354	5,512.57	股吧
sz002594	比亚迪	　176.00	+4.21	+2.451%	176.00	176.10	171.79	172.50	180.09	171.22	488,485	862,594.32	股吧
sz002601	龙蟒佰利	　31.55	+0.88	+2.869%	31.55	31.57	30.67	30.62	31.95	30.21	165,545	52,189.62	股吧
sz002602	世纪华通	　7.30	-0.09	-1.218%	7.30	7.31	7.39	7.40	7.45	7.30	361,319	26,570.95	股吧
sz002607	中公教育	　38.92	-0.40	-1.017%	38.92	39.00	39.32	39.49	39.49	38.54	59,036	22,989.42	股吧
sz002624	完美世界	　26.37	+0.34	+1.306%	26.36	26.37	26.03	26.05	26.44	25.65	215,018	56,012.35	股吧
sz002673	西部证券	　9.55	-0.07	-0.728%	9.54	9.55	9.62	9.59	9.62	9.45	271,105	25,804.46	股吧
sz002714	牧原股份	　73.21	-1.52	-2.034%	73.21	73.22	74.73	75.01	75.20	73.08	152,626	112,693.97	股吧
sz002736	国信证券	　13.19	-0.16	-1.199%	13.19	13.20	13.35	13.30	13.34	13.18	134,180	17,768.81	股吧
sz002739	万达电影	　18.28	+0.53	+2.986%	18.28	18.29	17.75	17.98	18.55	17.76	230,571	42,048.36	股吧
sz002773	康弘药业	　42.46	-0.54	-1.256%	42.46	42.48	43.00	42.80	43.61	42.31	22,899	9,822.88	股吧
sz002841	视源股份	　106.08	-1.25	-1.165%	106.08	106.11	107.33	106.80	108.20	105.21	8,145	8,666.61	股吧
sz002916	深南电路	　111.07	-5.73	-4.906%	111.06	111.07	116.80	117.75	118.78	110.20	75,148	85,135.96	股吧
sz002938	鹏鼎控股	　49.40	-0.23	-0.463%	49.30	49.40	49.63	49.70	50.16	48.79	79,084	38,917.82	股吧
sz002939	长城证券	　12.94	-0.15	-1.146%	12.94	12.95	13.09	13.00	13.17	12.92	142,730	18,581.09	股吧
sz002945	华林证券	　14.68	-0.39	-2.588%	14.68	14.69	15.07	14.89	15.03	14.65	173,988	25,769.00	股吧
sz002958	青农商行	　5.39	-0.15	-2.708%	5.39	5.40	5.54	5.45	5.49	5.37	1,337,947	72,453.91	股吧
sz003816	中国广核	　2.80	+0.05	+1.818%	2.80	2.81	2.75	2.76	2.83	2.75	1,222,497	34,189.65	股吧
sz300003	乐普医疗	　28.26	-0.45	-1.567%	28.26	28.27	28.71	28.70	28.70	28.03	152,581	43,183.35	股吧
sz300014	亿纬锂能	　72.18	+2.96	+4.276%	72.17	72.18	69.22	69.25	72.67	69.02	313,074	224,037.02	股吧
sz300015	爱尔眼科	　69.50	-1.16	-1.642%	69.49	69.50	70.66	70.82	71.40	69.50	239,077	168,133.77	股吧
sz300033	同花顺	　137.70	-1.78	-1.276%	137.65	137.70	139.48	138.38	139.27	136.60	41,514	57,193.93	股吧
sz300059	东方财富	　26.90	-0.41	-1.501%	26.90	26.91	27.31	27.09	27.23	26.72	1,672,064	450,942.71	股吧
sz300122	智飞生物	　148.50	+4.36	+3.025%	148.50	148.64	144.14	143.00	150.40	141.73	240,097	354,671.54	股吧
sz300124	汇川技术	　88.16	+2.22	+2.583%	88.15	88.16	85.94	86.01	89.33	85.31	142,983	125,627.85	股吧
sz300136	信维通信	　38.60	-1.05	-2.648%	38.60	38.61	39.65	39.95	40.10	38.47	289,290	112,916.22	股吧
sz300142	沃森生物	　36.89	+0.95	+2.643%	36.88	36.89	35.94	35.98	37.37	35.41	711,483	260,500.29	股吧
sz300144	宋城演艺	　17.92	-0.38	-2.077%	17.91	17.92	18.30	18.22	18.26	17.80	121,003	21,693.06	股吧
sz300347	泰格医药	　150.78	+3.91	+2.662%	150.78	150.79	146.87	146.91	150.80	144.70	60,025	88,907.95	股吧
sz300408	三环集团	　34.39	+1.06	+3.180%	34.37	34.39	33.33	33.47	34.53	33.30	169,829	57,913.15	股吧
sz300413	芒果超媒	　65.70	+0.42	+0.643%	65.70	65.93	65.28	65.35	66.57	65.01	58,826	38,774.23	股吧
sz300433	蓝思科技	　29.65	-0.45	-1.495%	29.65	29.66	30.10	30.20	30.23	29.53	358,537	106,453.27	股吧
sz300498	温氏股份	　18.82	-0.22	-1.155%	18.82	18.83	19.04	19.02	19.08	18.81	182,639	34,490.36	股吧
sz300601	康泰生物	　166.00	+5.09	+3.163%	166.00	166.01	160.91	165.00	168.00	161.77	84,187	139,517.98	股吧
sz300628	亿联网络	　68.14	-0.21	-0.307%	68.13	68.14	68.35	68.30	69.50	67.00	17,484	11,973.51	股吧
