代码	名称	最新价	涨跌额	涨跌幅	买入	卖出	昨收	今开	最高	最低	成交量/手	成交额/万	股吧
sh600000	浦发银行	　9.70	-0.12	-1.222%	9.70	9.73	9.82	9.84	9.88	9.69	483,866	47,162.01	股吧
sh600004	白云机场	　14.18	-0.17	-1.185%	14.15	14.18	14.35	14.46	14.47	13.99	120,695	17,047.60	股吧
sh600009	上海机场	　75.30	+0.30	+0.400%	75.02	75.30	75.00	75.20	76.14	74.30	82,001	61,569.64	股吧
sh600010	包钢股份	　1.17	-0.02	-1.681%	1.17	1.18	1.19	1.19	1.20	1.16	2,669,870	31,471.03	股吧
sh600011	华能国际	　4.58	-0.16	-3.376%	4.58	4.59	4.74	4.73	4.74	4.54	343,257	15,842.45	股吧
sh600015	华夏银行	　6.31	0.00	0.000%	6.28	6.31	6.31	6.32	6.33	6.20	400,171	25,009.61	股吧
sh600016	民生银行	　5.19	-0.11	-2.075%	5.18	5.19	5.30	5.32	5.35	5.19	1,149,687	60,622.25	股吧
sh600018	上港集团	　4.39	-0.08	-1.790%	4.38	4.39	4.47	4.46	4.48	4.34	435,727	19,110.38	股吧
sh600019	宝钢股份	　6.11	-0.05	-0.812%	6.10	6.11	6.16	6.22	6.24	5.94	1,125,260	68,262.26	股吧
sh600025	华能水电	　4.40	+0.03	+0.686%	4.40	4.41	4.37	4.38	4.46	4.36	344,156	15,200.38	股吧
sh600027	华电国际	　3.35	-0.07	-2.047%	3.34	3.35	3.42	3.43	3.43	3.30	616,887	20,643.25	股吧
sh600028	中国石化	　4.12	+0.06	+1.478%	4.11	4.12	4.06	4.10	4.12	4.05	1,250,889	51,120.28	股吧
sh600029	南方航空	　6.09	+0.01	+0.164%	6.08	6.09	6.08	6.07	6.15	6.02	307,995	18,705.35	股吧
sh600030	中信证券	　28.75	-0.41	-1.406%	28.75	28.76	29.16	29.13	29.25	28.53	1,011,390	292,122.70	股吧
sh600031	三一重工	　31.50	+0.65	+2.107%	31.49	31.50	30.85	30.92	31.85	30.76	716,270	224,591.92	股吧
sh600036	招商银行	　42.68	-1.60	-3.613%	42.67	42.68	44.28	44.25	44.27	42.68	771,435	334,733.62	股吧
sh600038	中直股份	　50.94	-0.61	-1.183%	50.72	50.94	51.55	51.93	51.93	49.85	109,734	55,474.47	股吧
sh600048	保利地产	　15.98	-0.23	-1.419%	15.98	16.00	16.21	16.30	16.30	15.91	535,688	85,876.51	股吧
sh600050	中国联通	　4.67	-0.03	-0.638%	4.67	4.68	4.70	4.71	4.72	4.65	871,093	40,705.28	股吧
sh600061	国投资本	　13.95	-0.10	-0.712%	13.95	13.96	14.05	14.02	14.10	13.83	248,055	34,617.43	股吧
sh600066	宇通客车	　17.08	+0.14	+0.826%	17.06	17.08	16.94	16.85	17.15	16.65	209,005	35,331.53	股吧
sh600068	葛洲坝	　6.72	-0.04	-0.592%	6.72	6.73	6.76	6.74	6.75	6.65	253,084	16,956.86	股吧
sh600085	同仁堂	　24.90	+0.24	+0.973%	24.90	25.00	24.66	24.48	25.35	24.33	669,637	167,078.92	股吧
sh600089	特变电工	　8.04	-0.11	-1.350%	8.04	8.05	8.15	8.16	8.19	7.80	755,164	59,902.31	股吧
sh600104	上汽集团	　23.80	+0.04	+0.168%	23.76	23.80	23.76	23.93	24.16	23.19	582,607	137,796.76	股吧
sh600109	国金证券	　16.49	-0.28	-1.670%	16.49	16.50	16.77	16.66	16.80	16.25	674,814	111,398.04	股吧
sh600111	北方稀土	　11.90	-0.55	-4.418%	11.89	11.90	12.45	12.68	12.82	11.71	1,436,936	175,050.22	股吧
sh600115	东方航空	　4.82	-0.01	-0.207%	4.81	4.82	4.83	4.84	4.85	4.77	308,355	14,815.38	股吧
sh600118	中国卫星	　30.88	-0.58	-1.844%	30.88	30.89	31.46	31.31	31.47	30.60	112,858	34,885.14	股吧
sh600170	上海建工	　3.10	+0.06	+1.974%	3.10	3.11	3.04	3.04	3.10	3.01	598,743	18,220.68	股吧
sh600176	中国巨石	　16.68	0.00	0.000%	0.00	0.00	16.68	0.00	0.00	0.00	0	0.00	股吧
sh600177	雅戈尔	　7.20	+0.04	+0.559%	7.19	7.20	7.16	7.15	7.20	7.04	240,444	17,083.41	股吧
sh600183	生益科技	　27.15	-0.81	-2.897%	27.14	27.15	27.96	27.77	28.30	26.91	321,250	88,211.69	股吧
sh600188	兖州煤业	　10.70	-0.21	-1.925%	10.70	10.72	10.91	11.20	11.33	10.65	763,615	83,533.01	股吧
sh600196	复星医药	　57.02	+2.18	+3.975%	57.02	57.03	54.84	54.83	57.37	54.03	873,440	488,609.40	股吧
sh600208	新湖中宝	　3.20	0.00	0.000%	3.20	3.21	3.20	3.20	3.21	3.12	577,740	18,275.00	股吧
sh600219	南山铝业	　2.68	+0.02	+0.752%	2.67	2.68	2.66	2.68	2.72	2.59	1,837,562	48,756.15	股吧
sh600221	海航控股	　1.55	-0.01	-0.641%	1.54	1.55	1.56	1.55	1.56	1.50	2,156,159	32,970.90	股吧
sh600233	圆通速递	　12.79	-0.45	-3.399%	12.78	12.79	13.24	13.25	13.34	12.66	166,958	21,499.47	股吧
sh600271	航天信息	　12.09	-1.03	-7.851%	12.09	12.10	13.12	12.98	13.11	12.09	344,271	42,937.43	股吧
sh600276	恒瑞医药	　89.50	+0.50	+0.562%	89.31	89.50	89.00	89.60	90.83	88.60	259,012	232,617.78	股吧
sh600297	广汇汽车	　3.28	-0.08	-2.381%	3.28	3.29	3.36	3.36	3.40	3.26	908,317	30,368.07	股吧
sh600299	安迪苏	　12.17	-0.24	-1.934%	12.16	12.17	12.41	12.41	12.47	12.00	65,008	7,951.36	股吧
sh600309	万华化学	　81.82	-0.30	-0.365%	81.81	81.82	82.12	82.15	84.07	81.00	141,719	117,013.30	股吧
sh600332	白云山	　30.05	-0.45	-1.475%	30.05	30.06	30.50	30.50	30.55	29.88	76,090	22,906.61	股吧
sh600340	华夏幸福	　13.85	-0.22	-1.564%	13.84	13.85	14.07	14.08	14.15	13.76	117,546	16,312.73	股吧
sh600346	恒力石化	　24.75	+0.21	+0.856%	24.74	24.75	24.54	24.88	25.50	24.47	277,435	69,067.37	股吧
sh600352	浙江龙盛	　14.00	-0.07	-0.498%	14.00	14.01	14.07	14.07	14.24	13.90	277,606	39,017.05	股吧
sh600362	江西铜业	　19.89	-0.58	-2.833%	19.89	19.90	20.47	21.30	21.55	19.41	948,543	195,821.70	股吧
sh600369	西南证券	　5.10	-0.05	-0.971%	5.09	5.10	5.15	5.15	5.17	5.05	298,948	15,242.59	股吧
sh600372	中航电子	　16.69	-0.34	-1.996%	16.69	16.70	17.03	17.03	17.09	16.22	261,100	43,400.24	股吧
sh600383	金地集团	　13.82	-0.26	-1.847%	13.80	13.82	14.08	14.07	14.11	13.69	272,376	37,644.89	股吧
sh600390	五矿资本	　6.90	-0.09	-1.288%	6.90	6.91	6.99	6.98	7.03	6.85	135,240	9,359.42	股吧
sh600398	海澜之家	　6.72	+0.10	+1.511%	6.72	6.73	6.62	6.62	6.72	6.54	162,582	10,760.25	股吧
sh600406	国电南瑞	　22.32	-0.12	-0.535%	22.26	22.32	22.44	22.43	22.50	21.99	159,857	35,524.99	股吧
sh600436	片仔癀	　241.00	-4.87	-1.981%	240.99	241.00	245.87	245.88	250.80	238.00	53,346	129,994.81	股吧
sh600438	通威股份	　30.75	-0.15	-0.485%	30.75	30.76	30.90	31.15	31.75	30.33	1,031,240	319,577.34	股吧
sh600482	中国动力	　16.51	-0.41	-2.423%	16.51	16.52	16.92	16.93	16.93	16.42	68,599	11,382.89	股吧
sh600487	亨通光电	　14.10	-0.38	-2.624%	14.09	14.10	14.48	14.48	14.52	14.02	195,040	27,629.02	股吧
sh600489	中金黄金	　8.89	-0.15	-1.659%	8.89	8.90	9.04	9.04	9.12	8.78	360,154	32,077.79	股吧
sh600498	烽火通信	　23.25	-0.33	-1.399%	23.25	23.26	23.58	23.60	23.66	23.03	105,972	24,626.02	股吧
sh600516	方大炭素	　6.70	-0.09	-1.325%	6.67	6.70	6.79	6.86	6.90	6.55	671,736	44,973.66	股吧
sh600519	贵州茅台	　1820.00	-12.90	-0.704%	1815.62	1820.00	1832.90	1834.78	1837.32	1804.81	30,776	559,535.97	股吧
sh600522	中天科技	　10.52	-0.17	-1.590%	10.51	10.52	10.69	10.72	10.72	10.44	226,636	23,850.99	股吧
sh600547	山东黄金	　23.48	-0.22	-0.928%	23.48	23.49	23.70	23.70	23.85	23.35	170,120	40,012.50	股吧
sh600570	恒生电子	　100.00	-2.59	-2.525%	100.00	100.24	102.59	103.43	103.74	100.00	146,269	148,255.78	股吧
sh600583	海油工程	　4.45	+0.03	+0.679%	4.45	4.46	4.42	4.47	4.53	4.38	302,375	13,400.38	股吧
sh600585	海螺水泥	　52.45	-0.46	-0.869%	52.45	52.46	52.91	52.91	53.31	52.08	181,333	95,268.72	股吧
sh600588	用友网络	　43.78	-0.85	-1.905%	43.78	43.79	44.63	45.30	45.30	43.30	118,731	52,425.27	股吧
sh600606	绿地控股	　6.08	-0.27	-4.252%	6.08	6.10	6.35	6.35	6.36	6.08	599,414	37,165.32	股吧
sh600637	东方明珠	　8.99	-0.22	-2.389%	8.99	9.01	9.21	9.21	9.23	8.98	154,108	13,936.67	股吧
sh600655	豫园股份	　8.74	-0.09	-1.019%	8.73	8.74	8.83	9.00	9.02	8.61	109,069	9,521.34	股吧
sh600660	福耀玻璃	　38.00	-0.42	-1.093%	37.93	38.00	38.42	38.56	38.57	36.58	263,434	98,148.24	股吧
sh600674	川投能源	　9.95	+0.06	+0.607%	9.95	9.96	9.89	9.94	9.95	9.70	189,190	18,534.26	股吧
sh600690	海尔智家	　26.30	+0.10	+0.382%	26.22	26.30	26.20	26.38	26.63	25.76	399,636	104,480.26	股吧
sh600703	三安光电	　27.51	+0.16	+0.585%	27.50	27.51	27.35	27.50	27.73	26.96	752,190	205,894.93	股吧
sh600705	中航资本	　4.27	-0.07	-1.613%	4.26	4.27	4.34	4.33	4.35	4.25	377,554	16,168.79	股吧
sh600741	华域汽车	　29.44	+0.07	+0.238%	29.37	29.44	29.37	29.64	29.64	28.11	321,277	92,087.58	股吧
sh600745	闻泰科技	　108.50	+3.91	+3.738%	108.50	108.51	104.59	104.00	109.56	103.15	257,464	276,354.93	股吧
sh600760	中航沈飞	　59.13	-1.76	-2.890%	59.06	59.13	60.89	60.92	61.20	58.00	122,944	72,799.98	股吧
代码	名称	最新价	涨跌额	涨跌幅	买入	卖出	昨收	今开	最高	最低	成交量/手	成交额/万	股吧
sh600795	国电电力	　2.03	-0.11	-5.140%	2.03	2.04	2.14	2.13	2.14	2.03	2,036,231	42,174.65	股吧
sh600809	山西汾酒	　292.00	+12.42	+4.442%	292.00	292.16	279.58	283.00	298.00	280.31	82,785	239,339.45	股吧
sh600837	海通证券	　12.57	-0.18	-1.412%	12.52	12.57	12.75	12.79	12.79	12.25	1,364,275	170,145.03	股吧
sh600848	上海临港	　21.53	-0.20	-0.920%	21.53	21.54	21.73	21.79	21.79	21.26	30,439	6,529.52	股吧
sh600867	通化东宝	　13.32	-0.12	-0.893%	13.32	13.33	13.44	13.40	13.43	12.50	510,198	65,919.48	股吧
sh600886	国投电力	　8.49	-0.11	-1.279%	8.49	8.50	8.60	8.60	8.65	8.40	194,246	16,528.07	股吧
sh600887	伊利股份	　39.04	-0.39	-0.989%	39.03	39.04	39.43	39.53	39.65	38.36	546,453	212,316.78	股吧
sh600893	航发动力	　44.15	-0.90	-1.998%	44.10	44.15	45.05	45.28	45.48	43.52	305,661	134,927.78	股吧
sh600900	长江电力	　20.01	+0.06	+0.301%	20.00	20.01	19.95	20.00	20.30	19.68	368,045	73,559.30	股吧
sh600919	江苏银行	　5.93	0.00	0.000%	0.00	0.00	5.93	0.00	0.00	0.00	0	0.00	股吧
sh600926	杭州银行	　14.47	+0.14	+0.977%	14.47	14.50	14.33	14.50	14.68	14.34	292,259	42,373.58	股吧
sh600928	西安银行	　5.61	+0.08	+1.447%	5.61	5.62	5.53	5.50	5.62	5.47	511,398	28,432.35	股吧
sh600958	东方证券	　11.01	-0.02	-0.181%	11.01	11.02	11.03	11.02	11.15	10.93	532,445	58,818.59	股吧
sh600968	海油发展	　2.50	+0.04	+1.626%	2.49	2.50	2.46	2.48	2.50	2.45	681,546	16,895.07	股吧
sh600977	中国电影	　12.70	+0.09	+0.714%	12.61	12.70	12.61	12.60	12.70	12.35	148,457	18,530.56	股吧
sh600989	宝丰能源	　11.89	+0.14	+1.191%	11.87	11.89	11.75	11.85	12.18	11.72	328,861	39,284.86	股吧
sh600998	九州通	　17.11	-0.22	-1.269%	17.10	17.11	17.33	17.37	17.50	17.04	66,001	11,343.46	股吧
sh600999	XD招商证	　21.94	-0.46	-2.054%	21.93	21.94	22.40	22.25	22.39	21.67	361,335	79,362.01	股吧
sh601006	大秦铁路	　6.77	-0.04	-0.587%	6.77	6.78	6.81	6.79	6.85	6.67	773,426	52,254.39	股吧
sh601009	南京银行	　8.04	0.00	0.000%	8.03	8.04	8.04	8.07	8.12	7.89	501,128	39,968.48	股吧
sh601012	隆基股份	　72.80	-1.30	-1.754%	72.79	72.80	74.10	75.00	75.08	72.02	521,764	383,704.88	股吧
sh601018	宁波港	　3.76	+0.02	+0.535%	3.76	3.77	3.74	3.76	3.77	3.65	306,599	11,345.82	股吧
sh601021	春秋航空	　50.10	-0.62	-1.222%	50.08	50.10	50.72	51.10	51.37	49.65	28,373	14,303.95	股吧
sh601066	中信建投	　43.49	+0.49	+1.140%	43.49	43.60	43.00	43.00	44.60	42.70	707,786	312,148.34	股吧
sh601077	渝农商行	　4.57	-0.03	-0.652%	4.57	4.58	4.60	4.60	4.63	4.56	339,223	15,570.03	股吧
sh601088	中国神华	　18.63	+0.09	+0.485%	18.61	18.63	18.54	18.95	19.08	18.45	384,023	71,791.33	股吧
sh601100	恒立液压	　98.40	-0.03	-0.030%	98.39	98.40	98.43	98.40	99.99	97.60	35,488	34,985.76	股吧
sh601108	财通证券	　12.55	-0.14	-1.103%	12.55	12.56	12.69	12.65	12.75	12.40	483,206	60,788.16	股吧
sh601111	中国国航	　7.76	+0.04	+0.518%	7.75	7.76	7.72	7.76	7.88	7.68	496,341	38,498.93	股吧
sh601117	中国化学	　5.83	-0.10	-1.686%	5.82	5.83	5.93	5.95	5.96	5.78	475,145	27,730.47	股吧
sh601138	工业富联	　13.47	+0.04	+0.298%	13.46	13.47	13.43	13.38	13.52	13.30	243,916	32,712.04	股吧
sh601155	新城控股	　34.51	-0.59	-1.681%	34.48	34.51	35.10	35.20	35.25	34.22	49,888	17,240.85	股吧
sh601162	天风证券	　5.99	-0.09	-1.480%	5.98	5.99	6.08	6.05	6.08	5.90	1,068,814	63,924.67	股吧
sh601166	兴业银行	　20.12	-0.16	-0.789%	20.12	20.17	20.28	20.43	20.62	20.03	1,026,901	208,693.10	股吧
sh601169	北京银行	　4.79	-0.16	-3.232%	4.78	4.79	4.95	4.96	4.97	4.79	786,169	38,436.03	股吧
sh601186	中国铁建	　8.25	-0.05	-0.602%	8.25	8.26	8.30	8.29	8.33	8.20	428,236	35,287.71	股吧
sh601198	东兴证券	　12.23	-0.17	-1.371%	12.22	12.23	12.40	12.40	12.44	12.10	207,129	25,331.70	股吧
sh601211	国泰君安	　17.79	-0.22	-1.222%	17.78	17.79	18.01	18.06	18.23	17.59	518,525	92,847.60	股吧
sh601212	白银有色	　2.77	-0.05	-1.773%	2.77	2.78	2.82	2.86	2.88	2.75	675,649	19,009.32	股吧
sh601216	君正集团	　4.93	-0.06	-1.202%	4.92	4.93	4.99	5.02	5.12	4.87	1,211,712	60,487.77	股吧
sh601225	陕西煤业	　10.17	+0.13	+1.295%	10.16	10.17	10.04	10.34	10.55	10.05	800,646	82,144.18	股吧
sh601229	上海银行	　7.90	-0.08	-1.003%	7.90	7.92	7.98	7.95	8.03	7.87	241,254	19,121.30	股吧
sh601231	环旭电子	　19.46	-2.09	-9.698%	19.45	19.46	21.55	21.38	21.38	19.40	387,375	77,233.32	股吧
sh601236	红塔证券	　17.61	+0.79	+4.697%	17.61	17.67	16.82	16.97	17.85	16.72	537,181	94,281.76	股吧
sh601238	广汽集团	　13.11	+0.54	+4.296%	13.10	13.11	12.57	12.60	13.14	12.60	420,021	53,733.51	股吧
sh601288	农业银行	　3.22	-0.01	-0.310%	3.22	3.23	3.23	3.24	3.24	3.21	2,085,436	67,229.00	股吧
sh601298	青岛港	　5.90	-0.04	-0.673%	5.89	5.90	5.94	5.95	5.97	5.82	137,873	8,095.72	股吧
sh601318	中国平安	　86.10	-1.58	-1.802%	86.09	86.10	87.68	88.50	88.90	85.46	714,942	618,590.81	股吧
sh601319	中国人保	　6.57	-0.13	-1.940%	6.56	6.57	6.70	6.68	6.71	6.51	786,345	51,754.14	股吧
sh601328	交通银行	　4.55	-0.03	-0.655%	4.54	4.55	4.58	4.58	4.58	4.52	2,548,879	115,929.67	股吧
sh601336	新华保险	　59.08	-0.60	-1.005%	59.08	59.10	59.68	59.60	60.18	58.36	112,021	66,305.19	股吧
sh601360	三六零	　17.25	+0.49	+2.924%	17.25	17.26	16.76	16.77	17.45	16.77	639,059	110,042.56	股吧
sh601377	兴业证券	　8.33	-0.03	-0.359%	8.32	8.33	8.36	8.34	8.39	8.23	821,828	68,420.21	股吧
sh601390	中国中铁	　5.40	-0.06	-1.099%	5.40	5.41	5.46	5.46	5.48	5.39	740,054	40,130.37	股吧
sh601398	工商银行	　5.08	+0.02	+0.395%	5.07	5.08	5.06	5.06	5.08	5.02	2,792,733	140,832.28	股吧
sh601555	东吴证券	　9.38	-0.28	-2.899%	9.38	9.39	9.66	9.65	9.67	9.29	392,621	37,094.38	股吧
sh601577	长沙银行	　9.39	-0.16	-1.675%	9.38	9.39	9.55	9.50	9.57	9.28	198,931	18,664.84	股吧
sh601600	中国铝业	　3.70	-0.10	-2.632%	3.69	3.70	3.80	3.88	3.91	3.64	1,909,814	71,847.75	股吧
sh601601	中国太保	　36.77	-0.58	-1.553%	36.77	36.88	37.35	37.96	37.96	36.48	447,505	166,027.57	股吧
sh601607	上海医药	　19.16	-0.32	-1.643%	19.15	19.16	19.48	19.49	19.54	19.12	110,616	21,288.97	股吧
sh601618	中国中冶	　2.61	-0.03	-1.136%	2.61	2.62	2.64	2.65	2.66	2.60	576,335	15,099.90	股吧
sh601628	中国人寿	　39.78	-0.75	-1.850%	39.77	39.78	40.53	40.40	40.75	39.30	240,753	95,960.79	股吧
sh601633	长城汽车	　24.93	+0.53	+2.172%	24.92	24.93	24.40	24.61	25.15	24.41	239,356	59,170.72	股吧
sh601658	邮储银行	　4.92	+0.07	+1.443%	4.91	4.92	4.85	4.83	4.95	4.83	984,229	48,207.11	股吧
sh601668	中国建筑	　5.10	-0.04	-0.778%	5.10	5.11	5.14	5.14	5.15	5.09	2,086,879	106,662.85	股吧
sh601669	中国电建	　3.91	-0.06	-1.511%	3.91	3.92	3.97	3.97	3.99	3.88	580,553	22,756.53	股吧
sh601688	华泰证券	　18.33	-0.26	-1.399%	18.33	18.34	18.59	18.67	18.67	18.16	672,782	123,716.52	股吧
sh601698	中国卫通	　18.08	-0.25	-1.364%	18.08	18.09	18.33	18.30	18.40	17.97	87,445	15,842.20	股吧
sh601727	上海电气	　5.55	-0.25	-4.310%	5.55	5.56	5.80	5.73	5.75	5.50	864,768	48,456.10	股吧
sh601766	中国中车	　5.44	-0.05	-0.911%	5.44	5.45	5.49	5.48	5.49	5.41	430,540	23,427.59	股吧
sh601788	光大证券	　18.15	-0.17	-0.928%	18.15	18.16	18.32	18.21	18.42	18.00	365,963	66,557.69	股吧
sh601800	中国交建	　7.47	-0.11	-1.451%	7.47	7.48	7.58	7.56	7.58	7.43	257,752	19,270.59	股吧
sh601808	中海油服	　13.35	+0.01	+0.075%	13.34	13.35	13.34	13.68	13.85	13.28	148,743	20,185.66	股吧
sh601816	京沪高铁	　5.67	-0.03	-0.526%	5.67	5.68	5.70	5.70	5.72	5.65	288,698	16,384.63	股吧
sh601818	光大银行	　4.03	-0.03	-0.739%	4.02	4.03	4.06	4.06	4.09	3.99	1,176,276	47,383.99	股吧
sh601828	美凯龙	　8.90	-0.05	-0.559%	8.86	8.90	8.95	8.91	8.91	8.53	99,125	8,655.44	股吧
sh601838	成都银行	　10.97	-0.11	-0.993%	10.96	10.97	11.08	11.18	11.22	10.92	301,780	33,334.78	股吧
sh601857	中国石油	　4.22	+0.03	+0.716%	4.21	4.22	4.19	4.22	4.24	4.19	906,357	38,170.59	股吧
sh601877	正泰电器	　31.74	-0.63	-1.946%	31.73	31.74	32.37	32.37	32.55	31.08	113,554	36,005.40	股吧
sh601878	浙商证券	　14.91	-0.26	-1.714%	14.91	14.92	15.17	15.03	15.16	14.71	568,101	84,849.61	股吧
代码	名称	最新价	涨跌额	涨跌幅	买入	卖出	昨收	今开	最高	最低	成交量/手	成交额/万	股吧
sh601881	中国银河	　12.14	-0.16	-1.301%	12.13	12.14	12.30	12.26	12.30	12.02	247,561	30,087.40	股吧
sh601888	中国中免	　206.00	-1.80	-0.866%	205.89	206.00	207.80	210.88	210.88	202.67	95,330	197,073.27	股吧
sh601898	中煤能源	　4.42	+0.03	+0.683%	4.42	4.43	4.39	4.43	4.50	4.29	397,852	17,429.55	股吧
sh601899	紫金矿业	　8.43	-0.12	-1.404%	8.42	8.43	8.55	8.81	8.84	8.29	2,854,863	244,301.26	股吧
sh601901	方正证券	　8.76	-0.06	-0.680%	8.75	8.76	8.82	8.78	8.91	8.62	389,325	34,141.33	股吧
sh601916	浙商银行	　4.03	-0.02	-0.494%	4.03	4.05	4.05	4.04	4.07	4.03	434,986	17,617.71	股吧
sh601919	中远海控	　8.88	-0.49	-5.229%	8.87	8.88	9.37	9.43	9.48	8.69	1,670,365	149,832.22	股吧
sh601933	永辉超市	　7.12	-0.14	-1.928%	7.12	7.13	7.26	7.32	7.32	7.04	1,174,716	83,941.39	股吧
sh601939	建设银行	　6.49	-0.09	-1.368%	6.49	6.50	6.58	6.58	6.60	6.46	1,529,319	99,556.42	股吧
sh601985	中国核电	　4.67	0.00	0.000%	4.67	4.68	4.67	4.67	4.71	4.61	375,599	17,476.42	股吧
sh601988	中国银行	　3.21	-0.01	-0.311%	3.20	3.21	3.22	3.22	3.22	3.20	2,242,752	71,908.01	股吧
sh601989	中国重工	　4.11	-0.09	-2.143%	4.10	4.11	4.20	4.18	4.20	4.06	1,707,414	70,147.57	股吧
sh601992	金隅集团	　3.07	+0.03	+0.987%	3.04	3.07	3.04	3.04	3.07	3.00	427,931	12,987.22	股吧
sh601997	贵阳银行	　8.03	-0.07	-0.864%	8.03	8.05	8.10	8.12	8.13	8.01	445,618	35,932.22	股吧
sh601998	中信银行	　5.15	+0.05	+0.980%	5.14	5.15	5.10	5.11	5.15	5.06	350,180	17,821.13	股吧
sh603019	中科曙光	　31.78	-1.17	-3.551%	31.77	31.78	32.95	32.96	33.10	31.54	366,514	117,635.86	股吧
sh603156	养元饮品	　29.10	+0.48	+1.677%	29.05	29.10	28.62	28.49	29.12	28.28	52,991	15,216.55	股吧
sh603160	汇顶科技	　156.04	-2.65	-1.670%	156.04	156.27	158.69	158.70	159.94	155.85	40,523	63,808.49	股吧
sh603259	药明康德	　109.00	-0.66	-0.602%	109.00	109.09	109.66	109.97	111.88	108.25	127,415	139,895.05	股吧
sh603260	合盛硅业	　37.11	-0.34	-0.908%	37.08	37.11	37.45	37.66	37.86	36.31	71,893	26,629.20	股吧
sh603288	海天味业	　186.20	-4.01	-2.108%	186.20	187.52	190.21	189.90	192.84	186.20	87,422	165,057.72	股吧
sh603369	今世缘	　52.71	+1.06	+2.052%	52.70	52.71	51.65	51.30	52.72	51.05	143,266	74,713.24	股吧
sh603501	韦尔股份	　232.75	+0.34	+0.146%	232.63	232.75	232.41	232.99	238.00	228.61	143,746	337,251.00	股吧
sh603658	安图生物	　148.00	-1.67	-1.116%	148.00	148.18	149.67	149.00	150.50	147.39	16,489	24,519.60	股吧
sh603799	华友钴业	　55.80	-0.44	-0.782%	55.79	55.80	56.24	57.66	58.20	54.69	334,658	188,602.08	股吧
sh603833	欧派家居	　124.53	-0.75	-0.599%	124.40	124.53	125.28	125.28	128.48	123.00	19,087	23,884.85	股吧
sh603899	晨光文具	　82.32	-0.54	-0.652%	82.29	82.32	82.86	82.96	84.07	81.66	24,316	20,095.73	股吧
sh603986	兆易创新	　200.50	-9.40	-4.478%	200.50	201.00	209.90	210.53	210.53	200.10	154,346	313,074.75	股吧
sh603993	洛阳钼业	　4.31	-0.07	-1.598%	4.31	4.32	4.38	4.46	4.51	4.27	1,930,712	84,899.57	股吧
sz000001	平安银行	　18.52	-0.13	-0.697%	18.51	18.52	18.65	18.71	18.80	18.22	887,794	164,239.23	股吧
sz000002	万 科Ａ	　28.46	-0.12	-0.420%	28.45	28.46	28.58	28.70	28.72	28.20	593,672	168,665.04	股吧
sz000063	中兴通讯	　32.17	-0.67	-2.040%	32.17	32.18	32.84	32.84	32.93	32.00	456,463	147,077.81	股吧
sz000066	中国长城	　14.18	-0.45	-3.076%	14.18	14.19	14.63	14.64	14.65	14.00	494,865	70,302.24	股吧
sz000069	华侨城Ａ	　6.72	-0.08	-1.176%	6.71	6.72	6.80	6.82	6.83	6.67	295,228	19,869.89	股吧
sz000100	TCL科技	　6.72	-0.11	-1.611%	6.72	6.73	6.83	6.83	6.88	6.52	3,463,709	231,216.14	股吧
sz000157	中联重科	　9.69	-0.14	-1.424%	9.68	9.69	9.83	9.84	9.97	9.47	1,479,545	143,288.77	股吧
sz000166	申万宏源	　5.09	-0.06	-1.165%	5.09	5.10	5.15	5.16	5.16	5.04	781,319	39,751.04	股吧
sz000333	美的集团	　84.00	-1.10	-1.293%	84.00	84.08	85.10	85.90	85.90	83.41	225,061	190,111.40	股吧
sz000338	潍柴动力	　15.94	-0.16	-0.994%	15.93	15.94	16.10	16.10	16.34	15.72	471,650	75,287.22	股吧
sz000425	徐工机械	　5.55	+0.05	+0.909%	5.55	5.56	5.50	5.50	5.59	5.40	570,744	31,386.76	股吧
sz000538	云南白药	　109.80	+6.27	+6.056%	109.79	109.80	103.53	107.10	110.59	107.10	235,347	257,375.72	股吧
sz000568	泸州老窖	　191.50	+0.80	+0.420%	191.50	191.51	190.70	190.70	194.57	189.00	93,392	178,873.83	股吧
sz000596	古井贡酒	　237.00	+7.39	+3.219%	237.00	237.02	229.61	229.63	239.26	229.63	32,951	77,830.94	股吧
sz000625	长安汽车	　23.05	+0.46	+2.036%	23.04	23.05	22.59	22.77	23.23	22.04	1,561,129	355,057.11	股吧
sz000627	天茂集团	　5.07	-0.01	-0.197%	5.06	5.07	5.08	5.06	5.08	4.92	258,942	12,936.78	股吧
sz000651	格力电器	　63.80	+0.97	+1.544%	63.79	63.80	62.83	63.50	63.99	62.88	398,576	252,821.07	股吧
sz000656	金科股份	　7.44	+0.17	+2.338%	7.43	7.44	7.27	7.30	7.48	7.17	381,722	28,033.32	股吧
sz000661	长春高新	　374.25	-3.75	-0.992%	374.25	374.30	378.00	378.05	381.00	372.25	37,208	139,879.84	股吧
sz000671	阳 光 城	　6.85	-0.05	-0.725%	6.83	6.85	6.90	6.93	6.93	6.76	184,309	12,578.61	股吧
sz000703	恒逸石化	　12.53	+0.11	+0.886%	12.53	12.54	12.42	12.55	12.77	12.38	243,373	30,598.70	股吧
sz000708	中信特钢	　21.19	+0.96	+4.745%	21.19	21.20	20.23	20.52	21.58	20.48	139,662	29,591.85	股吧
sz000709	河钢股份	　2.28	+0.02	+0.885%	2.27	2.28	2.26	2.27	2.29	2.25	1,069,773	24,265.73	股吧
sz000723	美锦能源	　6.50	-0.10	-1.515%	6.50	6.51	6.60	6.63	6.74	6.45	948,426	62,452.40	股吧
sz000725	京东方Ａ	　5.08	-0.10	-1.931%	5.08	5.09	5.18	5.15	5.18	4.99	7,580,369	383,314.72	股吧
sz000728	国元证券	　8.54	-0.16	-1.839%	8.53	8.54	8.70	8.72	8.72	8.48	496,883	42,661.86	股吧
sz000768	中航西飞	　29.59	-0.66	-2.182%	29.59	29.60	30.25	30.23	30.25	28.92	619,090	181,747.24	股吧
sz000776	广发证券	　15.89	-0.26	-1.610%	15.88	15.89	16.15	16.16	16.19	15.62	653,227	103,867.47	股吧
sz000783	长江证券	　8.12	-0.11	-1.337%	8.12	8.13	8.23	8.23	8.25	8.03	387,145	31,443.85	股吧
sz000786	北新建材	　37.59	+0.04	+0.107%	37.59	37.70	37.55	37.80	38.22	37.31	77,448	29,211.58	股吧
sz000858	五 粮 液	　267.52	-0.15	-0.056%	267.30	267.52	267.67	268.85	269.99	263.40	150,053	399,534.22	股吧
sz000860	顺鑫农业	　62.54	-0.78	-1.232%	62.52	62.54	63.32	62.99	65.00	61.28	92,323	58,237.44	股吧
sz000876	新 希 望	　23.46	-1.00	-4.088%	23.45	23.46	24.46	24.13	24.17	23.21	632,672	148,756.52	股吧
sz000895	双汇发展	　46.10	-0.60	-1.285%	46.09	46.10	46.70	46.71	46.81	45.25	138,019	63,269.30	股吧
sz000938	紫光股份	　20.61	-0.79	-3.692%	20.60	20.61	21.40	21.32	21.36	20.41	415,363	86,233.37	股吧
sz000961	中南建设	　9.18	-0.14	-1.502%	9.17	9.18	9.32	9.38	9.38	9.08	202,945	18,617.91	股吧
sz000963	华东医药	　28.10	-0.57	-1.988%	28.10	28.11	28.67	28.51	28.77	27.70	199,904	56,169.20	股吧
sz000977	浪潮信息	　27.87	-0.23	-0.819%	27.86	27.87	28.10	28.08	28.08	27.45	198,032	54,915.93	股吧
sz001979	招商蛇口	　13.42	-0.32	-2.329%	13.38	13.42	13.74	13.75	13.76	13.32	198,011	26,569.83	股吧
sz002001	新 和 成	　33.00	-0.33	-0.990%	32.97	33.00	33.33	33.66	33.93	32.36	184,121	60,860.88	股吧
sz002007	华兰生物	　41.67	-0.60	-1.419%	41.65	41.67	42.27	42.38	43.00	40.80	353,848	148,169.30	股吧
sz002008	大族激光	　36.99	-1.02	-2.684%	36.98	36.99	38.01	38.10	38.20	36.44	188,918	70,134.33	股吧
sz002024	苏宁易购	　8.20	-0.48	-5.530%	8.19	8.20	8.68	8.35	8.41	8.03	774,233	63,714.81	股吧
sz002027	分众传媒	　9.43	-1.05	-10.019%	0.00	9.43	10.48	10.51	10.55	9.43	3,213,469	306,957.23	股吧
sz002032	苏 泊 尔	　70.30	-1.15	-1.610%	70.26	70.30	71.45	71.40	71.89	69.30	14,875	10,482.75	股吧
sz002044	美年健康	　12.05	-0.25	-2.033%	12.04	12.05	12.30	12.35	12.42	11.87	422,160	50,949.30	股吧
sz002050	三花智控	　22.05	-0.15	-0.676%	22.04	22.05	22.20	22.50	22.60	21.83	337,667	74,743.96	股吧
sz002120	韵达股份	　17.33	-0.14	-0.801%	17.32	17.33	17.47	17.43	17.51	16.97	148,526	25,561.15	股吧
sz002129	中环股份	　22.90	-0.80	-3.376%	22.90	22.91	23.70	23.60	24.05	22.70	680,907	158,758.75	股吧
sz002142	宁波银行	　35.25	+0.24	+0.686%	35.23	35.25	35.01	35.01	35.36	34.40	331,240	115,539.45	股吧
sz002146	荣盛发展	　6.99	-0.06	-0.851%	6.98	6.99	7.05	7.05	7.06	6.93	269,489	18,809.62	股吧
代码	名称	最新价	涨跌额	涨跌幅	买入	卖出	昨收	今开	最高	最低	成交量/手	成交额/万	股吧
sz002153	石基信息	　32.80	-0.72	-2.148%	32.64	32.80	33.52	33.42	33.52	31.76	48,994	15,881.30	股吧
sz002157	正邦科技	　17.24	-0.36	-2.045%	17.24	17.25	17.60	17.60	17.65	16.90	388,412	66,762.53	股吧
sz002179	中航光电	　63.50	-1.10	-1.703%	63.24	63.50	64.60	64.06	64.30	61.20	124,219	77,787.51	股吧
sz002202	金风科技	　11.70	-0.29	-2.419%	11.68	11.70	11.99	12.00	12.09	11.45	540,021	63,185.77	股吧
sz002230	科大讯飞	　38.38	+0.38	+1.000%	38.38	38.39	38.00	38.00	38.84	37.82	312,176	119,816.27	股吧
sz002236	大华股份	　20.57	-0.44	-2.094%	20.56	20.57	21.01	20.93	21.06	20.35	278,888	57,587.51	股吧
sz002241	歌尔股份	　37.80	-1.40	-3.571%	37.79	37.80	39.20	38.92	39.49	37.40	874,862	334,329.56	股吧
sz002252	上海莱士	　8.11	+0.24	+3.050%	8.10	8.11	7.87	7.88	8.23	7.59	716,137	56,908.06	股吧
sz002271	东方雨虹	　34.50	-0.61	-1.737%	34.50	34.51	35.11	35.11	35.40	34.00	165,298	57,176.58	股吧
sz002304	洋河股份	　200.64	+0.14	+0.070%	200.50	200.64	200.50	200.95	202.00	195.00	105,546	209,823.98	股吧
sz002311	海大集团	　59.66	-0.14	-0.234%	59.60	59.66	59.80	59.90	60.19	58.65	69,845	41,572.56	股吧
sz002352	顺丰控股	　78.27	-0.67	-0.849%	78.27	78.43	78.94	79.24	79.58	77.90	157,853	124,115.58	股吧
sz002371	北方华创	　164.88	-3.82	-2.264%	164.88	164.89	168.70	168.09	169.94	163.85	72,751	120,953.29	股吧
sz002410	广联达	　67.22	-0.48	-0.709%	67.16	67.22	67.70	67.77	68.89	66.50	65,101	43,736.11	股吧
sz002415	海康威视	　44.47	-0.53	-1.178%	44.46	44.47	45.00	45.12	45.40	43.70	456,454	202,067.75	股吧
sz002422	科伦药业	　19.75	-0.72	-3.517%	19.73	19.75	20.47	20.55	20.57	19.47	164,135	32,652.83	股吧
sz002456	欧菲光	　14.44	-0.39	-2.630%	14.44	14.45	14.83	14.82	14.86	14.34	464,998	67,444.17	股吧
sz002460	赣锋锂业	　78.70	-0.30	-0.380%	78.69	78.70	79.00	80.01	80.77	76.76	213,234	167,586.38	股吧
sz002463	沪电股份	　18.92	-0.60	-3.074%	18.91	18.92	19.52	19.54	19.61	18.69	312,005	59,244.65	股吧
sz002466	天齐锂业	　27.39	-0.78	-2.769%	27.39	27.40	28.17	28.31	28.90	27.00	1,270,879	355,006.41	股吧
sz002468	申通快递	　11.76	+0.13	+1.118%	11.76	11.77	11.63	11.62	11.76	11.20	207,814	23,757.09	股吧
sz002475	立讯精密	　50.68	-1.12	-2.162%	50.67	50.68	51.80	52.00	52.06	50.00	648,410	329,418.09	股吧
sz002493	荣盛石化	　26.04	+0.76	+3.006%	26.02	26.04	25.28	25.59	26.77	25.48	360,965	94,261.57	股吧
sz002508	老板电器	　40.81	+0.25	+0.616%	40.80	40.81	40.56	41.20	41.48	40.20	55,572	22,697.37	股吧
sz002555	三七互娱	　27.82	-0.62	-2.180%	27.81	27.82	28.44	28.46	28.59	27.44	372,556	103,542.62	股吧
sz002558	巨人网络	　17.21	-0.07	-0.405%	17.21	17.22	17.28	17.20	17.32	16.99	60,369	10,362.60	股吧
sz002594	比亚迪	　167.00	-2.52	-1.487%	167.00	167.01	169.52	169.35	169.35	162.80	354,878	590,263.52	股吧
sz002601	龙蟒佰利	　31.89	-1.79	-5.315%	31.78	31.89	33.68	34.19	34.30	31.10	289,556	93,931.65	股吧
sz002602	世纪华通	　7.77	+0.05	+0.648%	7.77	7.78	7.72	7.70	7.81	7.62	438,750	33,836.00	股吧
sz002607	中公教育	　37.20	-1.28	-3.326%	37.18	37.20	38.48	38.85	38.85	35.90	119,143	44,200.57	股吧
sz002624	完美世界	　26.98	-0.02	-0.074%	26.96	26.98	27.00	27.22	27.40	26.60	234,046	63,035.40	股吧
sz002673	西部证券	　9.27	-0.10	-1.067%	9.27	9.28	9.37	9.36	9.40	9.18	291,359	27,031.80	股吧
sz002714	牧原股份	　73.70	-1.30	-1.733%	73.69	73.70	75.00	75.09	75.38	72.70	242,734	179,027.31	股吧
sz002736	国信证券	　13.09	-0.19	-1.431%	13.08	13.09	13.28	13.28	13.28	12.89	220,136	28,774.57	股吧
sz002739	万达电影	　17.12	-1.04	-5.727%	17.12	17.21	18.16	18.08	18.13	17.12	398,105	69,724.47	股吧
sz002773	康弘药业	　41.34	+0.24	+0.584%	41.16	41.34	41.10	41.10	41.50	40.62	38,908	15,998.34	股吧
sz002841	视源股份	　107.52	-0.99	-0.912%	107.52	107.90	108.51	109.51	110.50	107.03	14,888	16,154.35	股吧
sz002916	深南电路	　109.00	+2.11	+1.974%	109.00	109.05	106.89	106.68	110.97	105.60	68,042	74,031.64	股吧
sz002938	鹏鼎控股	　51.96	-2.06	-3.813%	51.95	51.96	54.02	54.03	54.18	51.46	222,951	116,783.84	股吧
sz002939	长城证券	　12.81	-0.25	-1.914%	12.81	12.82	13.06	13.01	13.07	12.60	227,489	29,190.23	股吧
sz002945	华林证券	　14.79	-0.13	-0.871%	14.78	14.79	14.92	14.82	14.96	14.53	185,611	27,385.27	股吧
sz002958	青农商行	　5.37	+0.13	+2.481%	5.37	5.38	5.24	5.23	5.45	5.15	1,831,540	97,641.95	股吧
sz003816	中国广核	　2.77	+0.02	+0.727%	2.77	2.78	2.75	2.74	2.80	2.74	1,424,141	39,513.52	股吧
sz300003	乐普医疗	　27.72	-1.23	-4.249%	27.72	27.73	28.95	28.95	28.96	27.51	338,606	94,856.28	股吧
sz300014	亿纬锂能	　64.35	-1.67	-2.530%	64.35	64.36	66.02	66.18	66.85	63.68	257,950	167,131.25	股吧
sz300015	爱尔眼科	　67.29	-1.16	-1.695%	67.09	67.29	68.45	68.88	69.24	66.15	245,798	165,619.11	股吧
sz300033	同花顺	　138.00	-1.09	-0.784%	138.00	138.01	139.09	139.12	139.50	135.66	52,186	71,676.23	股吧
sz300059	东方财富	　26.47	-0.26	-0.973%	26.47	26.48	26.73	26.89	26.96	26.02	2,245,268	593,980.59	股吧
sz300122	智飞生物	　138.50	-3.80	-2.670%	138.49	138.50	142.30	141.80	142.50	137.56	123,928	172,613.42	股吧
sz300124	汇川技术	　83.09	-1.06	-1.260%	83.03	83.09	84.15	85.60	86.15	81.96	156,241	130,396.36	股吧
sz300136	信维通信	　42.39	-1.73	-3.921%	42.39	42.40	44.12	44.46	44.47	42.05	248,747	107,349.83	股吧
sz300142	沃森生物	　34.87	+0.84	+2.468%	34.87	34.88	34.03	34.20	36.17	34.18	1,008,640	353,745.28	股吧
sz300144	宋城演艺	　17.99	-0.03	-0.166%	17.99	18.00	18.02	18.01	18.09	17.75	171,320	30,698.65	股吧
sz300347	泰格医药	　137.72	-1.37	-0.985%	137.72	137.90	139.09	138.80	141.60	135.20	83,425	114,763.94	股吧
sz300408	三环集团	　34.22	-0.23	-0.668%	34.22	34.24	34.45	34.45	35.07	33.90	149,240	51,389.13	股吧
sz300413	芒果超媒	　67.64	+0.13	+0.193%	67.62	67.64	67.51	67.51	68.99	66.40	72,406	48,861.92	股吧
sz300433	蓝思科技	　32.76	-0.34	-1.027%	32.75	32.76	33.10	33.80	34.55	32.03	961,028	321,354.31	股吧
sz300498	温氏股份	　18.63	-0.49	-2.563%	18.63	18.64	19.12	19.12	19.16	18.52	398,574	74,466.59	股吧
sz300601	康泰生物	　148.84	-1.37	-0.912%	148.82	148.84	150.21	151.64	154.95	147.33	61,559	93,165.51	股吧
sz300628	亿联网络	　68.80	-3.40	-4.709%	68.77	68.80	72.20	72.76	72.98	67.03	58,072	40,021.25	股吧
