标的证券代码	标的证券简称	本日融资余额(元)	本日融资买入额(元)	本日融资偿还额(元)	本日融券余量	本日融券卖出量	本日融券偿还量
510050	50ETF	9201339704	224314910	260603810	34601322	7173200	16820700
510180	180ETF	162116157	1451653	770588	788250	67300	110800
510210	综指ETF	3434083	802209	1178339	0	0	0
510230	金融ETF	34751366	4564585	4693374	0	0	0
510300	300ETF	9213172377	128374946	112801923	77785477	9982000	10376710
510310	HS300ETF	376408240	6377697	3285855	160901500	7277300	21324500
510330	华夏300	1094500345	9704011	34029965	42757210	1419300	3788100
510360	广发300	920635	28495	6516	0	0	0
510390	平安300	28358354	3088304	65825	11994660	730500	2473700
510500	500ETF	831517063	76493947	66283353	1737725663	29950700	16401300
510510	广发500	19145769	348824	200159	658377100	13694300	4049700
510580	ZZ500ETF	2300104	199489	271828	800000	0	0
510590	平安500	411620	378049	1308609	17377656	352500	33800
510710	上50ETF	6436125	808399	124	0	0	0
510760	上证ETF	1151991	415586	606493	0	0	0
510810	上海国企	161854	33137	30656	0	0	0
510880	红利ETF	36083335	2024993	2181077	0	0	0
510900	H股ETF	31119821707	291526468	252834886	0	0	0
511010	国债ETF	9376736	253480	253480	0	0	0
511180	上证转债	417820	0	0	0	0	0
511380	转债ETF	28410814	586652	509400	0	0	0
512000	券商ETF	2500209946	190442112	166446475	73926350	4500000	3435800
512010	医药ETF	51015281	4279992	8539253	0	0	0
512070	非银ETF	31911335	3358877	3368640	0	0	0
512100	1000ETF	2192871	1455873	1365612	0	0	0
512160	MSCI基金	7105208	181570	39223	0	0	0
512170	医疗ETF	68316459	3803385	10891393	7800000	1200000	0
512200	地产ETF	36112145	8873860	13324927	0	0	0
512290	生物医药	150752527	7707178	14148710	0	0	0
512330	信息ETF	19664200	5516206	1364655	0	0	0
512400	有色ETF	236544600	38752404	28283114	0	0	0
512480	半导体	393467219	55016481	44120379	0	0	0
512500	中证500	24795422	5855654	6014000	711358353	8827700	13291600
512510	ETF500	2342014	319458	523597	4519200	0	498800
512580	环保ETF	5813737	380618	1131046	0	0	0
512660	军工ETF	376833109	50177271	51764385	9000000	3782000	0
512680	军工基金	3567500	569550	525811	0	0	0
512690	酒ETF	107353267	20958396	16642065	0	0	0
512700	银行基金	6072897	536399	774052	0	0	0
512710	军工龙头	93384180	11403589	9341139	0	0	0
512720	计算机	20252647	2031791	2998264	0	0	0
512760	芯片ETF	781129679	70887095	76580793	69100421	2800000	11996700
512800	银行ETF	905248301	53383659	44756489	17559800	8168700	8934400
512880	证券ETF	4631099773	464591392	307508486	0	0	0
512900	证券基金	39051740	2845128	2990332	0	0	0
512910	100ETF	13241670	1295367	400246	0	0	0
512980	传媒ETF	37362112	8349504	5203081	0	0	0
512990	MSCIA股	3447515	165700	507	0	0	0
513030	德国30	70457836	922384	1091145	0	0	0
513050	中概互联	851805659	9551345	36787215	56700	0	0
513090	香港证券	22824989	5367875	7877500	0	0	0
513100	纳指ETF	819713910	10039982	19477945	0	0	0
513500	标普500	1547336314	20918203	18883269	0	0	0
513660	恒生通	89559603	58781	230820	0	0	0
515000	科技ETF	214639854	21699749	15143763	1079900	120000	120000
515010	华夏证券	4973930	239385	1141184	0	0	0
515030	新汽车	183725381	24407586	14517616	0	0	0
515050	5GETF	542194931	70753521	48916379	0	0	0
515070	AI智能	30101148	1389968	1214662	0	0	0
515180	100红利	6264084	213509	1224142	0	0	0
515260	电子ETF	19097974	6157430	2723339	0	0	0
515380	泰康300	16374866	88331	146105	27588243	322500	320000
515560	证券E	44953768	4515061	1320562	0	0	0
515580	中证科技	13385307	243408	477870	0	0	0
515650	消费50	24399009	1600521	1390705	0	0	0
515660	沪深300E	97717	170152	501970	0	0	0
515700	新能车	116462174	9753835	11710160	25558400	0	0
515750	科技50	40178917	2182639	9609955	0	0	0
515770	MSCIAETF	607284	223267	13860	0	0	0
515800	800ETF	1678194	10702	14467	42300900	5500000	5500000
515860	科技100	9284877	332166	515904	0	0	0
515880	通信ETF	81389227	4568408	3276551	9623000	0	0
515980	人工智能	19636069	1392457	1393870	0	0	0
518800	黄金基金	793919532	4192695	8457600	0	0	0
518880	黄金ETF	27650829348	579014356	571547849	516900	480900	7000
600000	浦发银行	5360306310	95445417	69887893	6855476	676894	262600
600004	白云机场	356018966	25821160	18767243	336647	50500	32793
600006	东风汽车	343820773	21154815	27014469	672900	129700	61700
600007	中国国贸	299971899	1353758	2420573	3000	0	0
600008	首创股份	456466155	6556206	9452611	633700	300	0
600009	上海机场	944567935	48783071	38888054	511819	28900	71822
600010	包钢股份	1266393529	58254034	55075453	9351700	343100	1264600
600011	华能国际	304484117	11029187	14626746	615838	12400	46200
600012	皖通高速	80216162	2637995	3850840	0	0	0
600015	华夏银行	1844847984	31228792	33900501	4869769	231600	10000
600016	民生银行	6167661012	87693266	59681830	24809113	410200	82100
600017	日照港	284026086	7069037	5523001	627409	14800	354100
600018	上港集团	708213924	17553993	17971183	1044599	35400	23700
600019	宝钢股份	1378147814	73404332	75708455	1833118	379200	575900
600020	中原高速	232434662	6276550	3266496	0	0	0
600021	上海电力	136097225	3350991	5253165	513644	6338	26400
600022	山东钢铁	575817877	18958377	17396562	2193591	638100	217777
600023	浙能电力	251139462	6262627	11989418	48300	41200	5000
600025	华能水电	895501730	60451120	29479356	519200	5900	55700
600026	中远海能	597606396	12959289	39341286	495965	12100	31400
600027	华电国际	499206443	53443202	26872048	793400	28200	66600
600028	中国石化	1677464077	61671885	66301084	37085967	93800	59900
600029	南方航空	978964839	23477972	22996089	1231389	268800	114900
600030	中信证券	13772409780	415266270	329285042	21807760	825200	2318416
600031	三一重工	2159487033	171539459	118736225	6168501	363679	336529
600033	福建高速	262301869	6654204	3518623	0	0	0
600035	楚天高速	72902217	1485445	2168096	5000	0	0
600036	招商银行	4820904920	222225664	155315252	106473024	1156000	680850
600037	歌华有线	771706378	14371017	12959453	302268	500	100
600038	中直股份	999969859	33664293	68461421	51300	1600	5400
600039	四川路桥	237295326	5940223	4040963	559473	2300	102200
600048	保利地产	3463232191	125712598	118602705	38826722	40200	439800
600050	中国联通	2854929314	38058051	39803986	3858500	25800	29000
600053	九鼎投资	178823793	3543390	5870278	13600	0	1400
600055	万东医疗	352797817	4272098	6354360	48600	7600	0
600056	中国医药	662157641	21934465	24981636	222128	2400	31200
600057	厦门象屿	415004050	11170651	21701772	148100	4100	0
600058	五矿发展	259860036	16943355	12084763	402658	1800	10400
600059	古越龙山	569641606	65198594	73760723	40700	0	25226
600060	海信视像	765489889	48656268	23908355	556177	119900	88300
600061	国投资本	1516714676	46277396	61541263	1532631	21200	8000
600062	华润双鹤	404205729	16782600	11885552	278964	100	23700
600063	皖维高新	494539624	11944779	14314661	6000	0	0
600064	南京高科	639226792	4868287	16671879	387249	200	145840
600066	宇通客车	353788610	12668903	14829156	1486437	200000	131500
600067	冠城大通	276555896	3587968	2701865	500	0	0
600068	葛洲坝	1333906357	26972071	42393128	252500	6200	14700
600072	中船科技	394459045	87899769	83962887	34000	0	0
600073	上海梅林	613221547	16165054	20118030	271012	42400	18500
600075	新疆天业	221596266	33878148	39855745	22600	0	0
600076	康欣新材	149418056	7088659	8764597	75000	0	40000
600077	宋都股份	252994512	6288726	1066687	6300	2300	0
600078	澄星股份	280003647	1807749	3541702	2300	0	0
600079	人福医药	1057666193	13472203	8059548	306005	38500	25600
600081	东风科技	169398785	11653284	18054618	16100	0	0
600085	同仁堂	1304908832	219129651	96894015	282719	1100	17500
600088	中视传媒	203105397	1522700	2396027	25654	1000	4500
600089	特变电工	1297270822	52072684	61739203	236400	25700	57100
600093	易见股份	496067056	7496629	11180870	70700	0	0
600094	大名城	935490802	6958630	6609135	737733	29300	32300
600096	云天化	352582682	16327038	15881694	5400	0	2300
600098	广州发展	227159172	6091735	2526496	28600	0	0
600100	同方股份	3045370213	18309584	20661852	52200	28100	13400
600104	上汽集团	2811053527	102798064	106024717	2003092	194200	336700
600105	永鼎股份	217364292	19729892	26254520	71019	0	0
600107	美尔雅	331788111	3790423	3019171	11700	1800	0
600108	亚盛集团	585094667	24794301	28607261	110600	0	0
600109	国金证券	3706952461	160459318	190052888	6207945	136700	965300
600110	诺德股份	840913785	60190151	26766449	40500	0	5400
600111	北方稀土	2468296198	223080599	345441202	1548254	341100	128700
600113	浙江东日	242404738	29380444	52813680	12600	7600	0
600115	东方航空	504688986	11611265	19919815	1104359	193000	15000
600116	三峡水利	232523031	2243759	5987632	7982944	1100	200
600118	中国卫星	1933363310	29938642	37921320	368807	32500	15000
600120	浙江东方	871956049	10976027	21265169	693111	25700	51500
600123	兰花科创	453052016	32245212	27181291	151500	35200	20500
600125	铁龙物流	408286580	7771627	5383689	360100	1400	27700
600126	杭钢股份	740831055	9311859	11436380	387403	2400	27800
600127	金健米业	185327180	7463898	8225212	0	0	0
600129	太极集团	233719750	3406722	3873756	47600	0	0
600130	波导股份	249957336	3477296	6628295	52400	0	0
600131	国网信通	641923208	8936440	17528091	2883975	14800	0
600132	重庆啤酒	149404280	10087909	6052922	161062	5600	1300
600133	东湖高新	149698023	9118607	10911846	0	0	0
600135	乐凯胶片	248708355	1945547	8712179	12000	0	0
600136	当代文体	141314678	3303461	5980166	3400	0	300
600138	中青旅	410383807	15694918	12446360	145425	800	10000
600139	西部资源	185597102	3401340	3970163	14800	0	0
600141	兴发集团	640083961	40056044	27133959	194086	3700	15100
600143	金发科技	3003951103	89173687	97021344	730340	9900	62900
600150	中国船舶	726506867	29575790	31101983	1553800	21400	100
600151	航天机电	639579551	11989637	23981953	161000	27500	41500
600153	建发股份	747610079	12900772	7399561	1086043	86800	73100
600155	华创阳安	849685907	107069489	89486809	6650416	95500	565600
600158	中体产业	1208306857	168356194	94163364	376887	28404	26300
600160	巨化股份	970132287	25074944	29477404	329760	16100	3600
600161	天坛生物	1026870621	44575766	33120073	272677	1700	63300
600162	香江控股	191741061	4836167	1359506	166300	0	0
600163	中闽能源	89883430	1843547	3974501	0	0	51800
600166	福田汽车	909087785	40135445	56379819	51015758	7833400	4545127
600167	联美控股	300295877	8914767	6386266	194099	0	17700
600168	武汉控股	162289549	2856959	4394908	1400	0	0
600169	太原重工	281630978	3900599	9625010	80600	0	0
600170	上海建工	337652662	9241953	11158895	275700	27300	336300
600171	上海贝岭	846709455	26392070	39044937	549124	62900	67400
600172	黄河旋风	248269905	13408372	13474961	0	0	0
600176	中国巨石	657511827	0	10553509	519110	0	0
600177	雅戈尔	777527903	12514181	11458111	872833	195600	24800
600180	瑞茂通	83151566	561037	1744646	2000	2000	0
600183	生益科技	1066250660	58447926	55051431	574594	109600	169851
600184	光电股份	129573624	6037266	8244272	3446936	0	0
600185	格力地产	484888667	25089533	12731760	62520	0	0
600187	国中水务	233650738	6311546	5478917	5200	0	0
600188	兖州煤业	593818465	87984593	88778658	805800	147400	36200
600191	华资实业	173268473	31556567	35174265	0	0	0
600195	中牧股份	395602898	18799064	21059096	295287	0	0
600196	复星医药	5315809683	720629567	622977800	3303782	794300	768075
600197	伊力特	729174455	161693610	208327322	51738	1900	54600
600198	大唐电信	326016166	67494154	43086685	0	0	0
600199	金种子酒	218514481	27690276	37913766	58500	13700	10000
600200	江苏吴中	274583831	2459288	4858391	2000	0	0
600201	生物股份	840603191	21041328	26145346	301225	17400	66800
600206	有研新材	870469794	13892396	29847457	193400	0	0
600208	新湖中宝	1008566832	19120421	40843236	592400	24600	18300
600210	紫江企业	343178765	9200580	5300258	0	0	0
600213	亚星客车	103978100	16427358	18050116	0	0	0
600216	浙江医药	724983213	15331607	15139548	374350	8600	23700
600217	中再资环	258642381	12832043	9624992	0	0	0
600218	全柴动力	510869975	12354800	33413451	77300	0	0
600219	南山铝业	913457108	25829068	43670410	2380000	221000	531620
600220	江苏阳光	202159604	24129469	32114498	10000	0	0
600221	海航控股	941944305	26624445	29569488	1273800	0	88100
600222	太龙药业	241499738	3813539	3275827	16200	0	0
600223	鲁商发展	587995100	35219353	31868224	90000	6400	0
600229	城市传媒	262687559	5174956	3975908	0	0	0
600230	沧州大化	426557460	2227781	6379587	2520	0	0
600231	凌钢股份	66093040	15121470	19031744	0	0	0
600233	圆通速递	610262649	19820186	23142356	21918622	35200	127800
600236	桂冠电力	86323550	2164089	713489	0	0	0
600237	铜峰电子	251946354	21117133	37149209	0	0	0
600239	云南城投	339345571	2805801	5705568	15000	800	0
600246	万通发展	411722222	14639474	40800945	15529906	0	0
600251	冠农股份	314939665	8354399	13950959	5000	0	0
600252	中恒集团	545630155	7300236	6644047	30800	0	0
600256	广汇能源	819993761	17867139	19760008	917760	25400	0
600257	大湖股份	185357267	58772295	71839333	43800	0	0
600258	首旅酒店	232092942	11063847	13911169	121000	0	11500
600259	广晟有色	655166469	15530947	19009987	109642	0	18500
600260	凯乐科技	1509689572	10944291	16067642	326127	7000	20700
600261	阳光照明	226382972	7767488	11394432	0	0	0
600266	城建发展	1395232921	4044698	3783700	684040	900	167436
600267	海正药业	1074241648	13261713	10456651	19400	0	7700
600268	国电南自	179974380	7328564	9103545	40000	0	13600
600269	赣粤高速	319945409	12776608	7515166	0	0	0
600271	航天信息	1024371171	41006118	28829391	471461	45900	38161
600273	嘉化能源	1287975725	28933161	34112764	477055	18400	20800
600276	恒瑞医药	4253835985	136870291	161066143	56643997	1403633	869169
600277	亿利洁能	550282780	6645493	11705792	601699	2500	26400
600278	东方创业	107262724	954049	2611073	10500	0	0
600282	南钢股份	480738706	15085490	53022929	1589101	45000	87500
600284	浦东建设	174707926	1469676	778859	8000	0	0
600285	羚锐制药	365999361	2350037	4497420	0	0	0
600287	江苏舜天	97261512	2639060	2774407	6400	0	0
600288	大恒科技	507852222	4451538	3842580	5883	800	0
600291	西水股份	187979758	6580107	9564921	397100	2000	200
600292	远达环保	259606957	6483991	8451097	2000	0	0
600293	三峡新材	173792224	1949250	5655117	9000	0	0
600295	鄂尔多斯	180308099	32266443	44198854	263400	10000	27200
600297	广汇汽车	783516814	43013406	75343750	1593100	471100	75300
600298	安琪酵母	1018067130	104953706	101875144	278298	0	26100
600299	安迪苏	318050280	8172431	9180074	108811	9700	0
600300	维维股份	460858216	42944538	41465393	0	0	5000
600303	曙光股份	146987695	6823529	9736206	115700	0	0
600305	恒顺醋业	296623498	18609363	30979628	475368	0	0
600307	酒钢宏兴	400002567	33606604	33772686	1106400	145300	64600
600308	华泰股份	306956996	21688948	16780613	0	0	0
600309	万华化学	2233065446	76548933	82973533	6912659	69692	99486
600310	桂东电力	128592614	1637911	1603921	0	0	4100
600312	平高电气	463455897	21595962	11757894	619065	7100	85600
600315	上海家化	493928870	15017915	12751813	7829279	9000	294937
600316	洪都航空	1273493153	87550982	140712079	493201	5000	32700
600317	营口港	136843812	2527645	3386720	39100	0	0
600318	新力金融	376109952	14431804	20445733	98600	0	0
600320	振华重工	182361100	1701553	2714731	7300	0	0
600322	天房发展	127117488	2237364	4970983	0	0	99900
600323	瀚蓝环境	394290770	9987264	11129291	600	0	0
600325	华发股份	1065647464	6430182	11637266	1052983	79600	35200
600326	西藏天路	724729746	4607676	9547607	11600	2000	0
600328	中盐化工	212258648	5440954	6423995	0	0	0
600329	中新药业	328447342	35902143	21326290	186817	1600	0
600330	天通股份	918807581	36609229	67486623	37200	0	100000
600331	宏达股份	266674218	27763297	30717912	0	0	0
600332	白云山	1068015476	17454598	35110837	440189	10300	62100
600333	长春燃气	148676709	25291602	26977522	0	0	0
600335	国机汽车	399512123	23868245	22022517	425800	0	0
600336	澳柯玛	524717992	177651273	156825904	114800	700	0
600337	美克家居	304907999	4064426	5649051	55182	17000	8400
600339	中油工程	201323457	5412225	5795507	1366500	27500	35500
600340	华夏幸福	1804116724	20598771	19742582	377103	34600	81600
600343	航天动力	307225411	1393216	6988989	3957	0	4900
600345	长江通信	174532587	5130236	4179479	10000	0	0
600346	恒力石化	785649183	44375067	38652837	661370	117900	105400
600348	阳泉煤业	492054497	48109738	37910530	728500	45400	111400
600350	山东高速	87437771	2086841	2626358	429200	11900	35500
600351	亚宝药业	165661977	3194267	8230406	3000	0	0
600352	浙江龙盛	2823955817	66822757	65428193	1212584	430600	25300
600360	华微电子	671615805	113019022	134871683	765810	61200	18600
600362	江西铜业	1711523735	373749591	308902676	30993201	1286500	617922
600363	联创光电	1415847397	60357268	93344965	200400	145700	400
600366	宁波韵升	487175523	19944202	23425914	22900	0	0
600368	五洲交通	88660560	3409940	2797743	81000	0	0
600369	西南证券	973308906	17345464	19343092	1308686	176100	114900
600372	中航电子	1112777928	50074064	43018186	229948	22700	95100
600373	中文传媒	546791264	6447848	7788564	383936	200	47000
600375	华菱星马	407813199	22863326	25835647	76000	6000	0
600376	首开股份	378667444	2194366	3660925	589769	30200	31400
600377	宁沪高速	58232106	1885773	3362679	48200	0	17000
600378	昊华科技	174389144	6106184	7390808	2000	0	0
600380	健康元	768573139	51598358	55391995	291275	12600	39900
600382	广东明珠	305021643	52648660	51176437	111285	0	0
600383	金地集团	962366700	67839800	27475234	6851574	164300	121500
600386	北巴传媒	170628697	4587809	6098865	0	0	0
600387	海越能源	259276045	2932343	3026792	192400	0	0
600388	龙净环保	605512840	8988141	13607696	354813	13400	21200
600389	江山股份	309255501	4424827	13359819	2600	100	2000
600390	五矿资本	580880412	14397409	12479259	794557	0	0
600391	航发科技	455112319	21283964	25219388	3000	0	6000
600392	盛和资源	1366765044	87712355	112464735	6489181	5300	53706
600395	盘江股份	235960962	33911548	46434912	647750	492850	400
600398	海澜之家	156167659	3042281	3123238	215900	800	36500
600400	红豆股份	120767871	549453	3875436	4700	0	0
600403	大有能源	79388073	22810567	20268481	100800	0	0
600406	国电南瑞	2298305439	20693955	24597345	597319	44100	23600
600409	三友化工	472642459	13579071	28991820	396000	1600	31600
600410	华胜天成	1041556045	16317983	26606699	478857	78900	55430
600415	小商品城	666776296	8680571	11571267	10489120	22700	113200
600418	江淮汽车	1567772473	646561656	551286548	562072	85000	28001
600422	昆药集团	458126546	5288880	7833413	0	0	2000
600425	青松建化	348264200	2327538	7429163	2300	0	0
600426	华鲁恒升	195981388	20467103	16536078	2426221	81756	92900
600428	中远海特	187602286	15281433	17193246	1155210	0	37900
600433	冠豪高新	493646409	16190842	15268953	6100	0	0
600435	北方导航	605507952	24138581	16836270	575657	71900	23590
600436	片仔癀	1973209816	135918873	151803502	719958	8700	14500
600438	通威股份	1907415715	340209782	327104862	2801134	340400	720600
600446	金证股份	1006535579	23899464	24151452	122000	9300	21100
600448	华纺股份	161468045	3937664	7400200	11000	0	0
600449	宁夏建材	571422813	14136258	15011376	400	0	100
600452	涪陵电力	294148142	6341291	7253414	0	0	0
600456	宝钛股份	463950432	31452765	44293887	7900	7200	1200
600458	时代新材	284006681	7296639	8007170	71000	0	7400
600459	贵研铂业	807847762	42611289	62562551	98868	20000	600
600460	士兰微	1312812658	178773673	138058570	3200595	326483	100800
600466	蓝光发展	427977382	8884494	14140025	959015	1500	165600
600467	好当家	240206538	46423056	48728489	5900	0	8400
600469	风神股份	88100579	4243452	7037635	0	0	0
600477	杭萧钢构	260197861	4163404	4818648	0	0	0
600478	科力远	416587558	13100103	22598820	261709	7900	23500
600480	凌云股份	196844564	2611440	3248484	27300	0	4400
600481	双良节能	267406789	9155659	10281587	1600	0	6000
600482	中国动力	470456180	15098144	15653420	312260	10400	21100
600483	福能股份	154326621	2015676	899422	0	0	0
600486	扬农化工	142551907	10518351	8774803	253687	12688	10480
600487	亨通光电	1599448213	19461632	24617972	18946294	1328400	29800
600489	中金黄金	1537446356	31864673	46838947	395606	3200	57400
600490	鹏欣资源	736176560	22286691	25116619	450100	135800	205000
600491	龙元建设	507683657	7015147	11562520	8400	3400	0
600495	晋西车轴	286655611	2527481	4028801	176200	0	0
600497	驰宏锌锗	755191661	47372313	54892363	1711600	212100	117700
600498	烽火通信	1241858809	22166964	19895538	231349	6900	10500
600499	科达制造	610728758	14783156	16930183	83800	0	6800
600500	中化国际	732683576	11702299	16201650	791723	13100	114700
600501	航天晨光	153325709	4671628	4690136	0	0	0
600502	安徽建工	341384795	4473112	5437635	5200	3000	0
600503	华丽家族	575105783	19533756	25571919	108600	0	0
600507	方大特钢	414752125	22680256	36306251	403469	6700	52200
600508	上海能源	150079705	12230720	13293636	31800	9400	0
600509	天富能源	220239379	57869112	47452390	137500	0	156000
600510	黑牡丹	233535174	3819039	4907780	2800	800	0
600511	国药股份	1401612304	487190470	435511938	199400	10600	51200
600512	腾达建设	251537562	4488473	6252662	0	0	0
600515	海航基础	1013811803	12898130	49867159	382842	10400	81300
600516	方大炭素	1460419246	42515808	45132029	410634	99114	116500
600517	国网英大	422831391	9387504	20611518	304200	1600	256900
600519	贵州茅台	18512623528	581456458	644006735	1660914	60029	68341
600521	华海药业	444254721	13356238	22508764	468616	300	43900
600522	中天科技	1758445140	20586490	28980594	1070358	30900	17600
600523	贵航股份	546336074	5562003	13661510	66744	500	500
600525	长园集团	549923261	4842054	4231205	6100	0	28800
600528	中铁工业	617668586	3081209	7344192	646397	600	26400
600529	山东药玻	1399053032	266709031	264521119	333800	8800	18100
600531	豫光金铅	312322034	19021382	26628066	950697	100000	0
600532	宏达矿业	210894383	2338335	4566583	69800	0	0
600533	栖霞建设	148688570	8791786	9275522	9700	0	0
600535	天士力	1109157667	27085150	25649402	339595	9300	20300
600536	中国软件	2561834406	109728876	157179833	160500	17700	19000
600537	亿晶光电	297707157	6274980	4840279	0	0	0
600543	莫高股份	215719180	35881232	32266399	57787	0	39400
600545	卓郎智能	379828723	6018519	5052915	428179	60400	23500
600546	山煤国际	511998073	118102126	106939476	146500	0	1200
600547	山东黄金	2360121798	29582990	52452181	422804	47600	57600
600548	深高速	68476438	908501	1691039	36700	0	0
600549	厦门钨业	988160018	35638639	41693571	408405	76400	73400
600550	保变电气	95402272	1199732	2658511	0	0	0
600551	时代出版	199302006	736939	1235643	161124	1200	0
600552	凯盛科技	480280577	20449776	26047901	85700	0	50000
600557	康缘药业	205417000	7421411	5621253	111241	1600	5100
600559	老白干酒	1155417266	267513510	317547049	59200	0	6000
600562	国睿科技	339929935	19489004	37149414	183500	57100	57700
600563	法拉电子	228244363	17032553	14315909	94833	22800	6000
600565	迪马股份	240655404	8271428	5984657	684000	10000	29300
600566	济川药业	346864644	5787998	4011315	4156829	6700	12500
600567	山鹰国际	577641682	22547664	32391467	894124	18400	152500
600569	安阳钢铁	91391699	41126868	47530032	237200	0	0
600570	恒生电子	2336916370	63783737	77050919	366033	45154	18800
600571	信雅达	217731467	4982790	6113071	18500	10500	0
600572	康恩贝	693980214	4709338	10394439	702865	5800	48100
600575	淮河能源	428812932	7121549	9677979	511200	200	35700
600577	精达股份	225729705	4070292	4886923	0	0	0
600578	京能电力	247536462	239759	531670	0	0	13100
600580	卧龙电驱	1125612906	57367383	81348842	443160	58900	16000
600581	八一钢铁	213299509	15372789	25933957	266900	30000	120000
600582	天地科技	391429933	8021997	7890287	804800	123100	32300
600583	海油工程	457025333	5829539	5146193	137200	11300	30000
600584	长电科技	2543568448	249166952	269089993	5328952	563398	451998
600585	海螺水泥	3469465060	97804202	68659769	5340514	373900	68600
600587	新华医疗	371551025	18107559	18563972	11900	900	0
600588	用友网络	3562879633	28875828	72888315	981211	67200	33100
600590	泰豪科技	210174865	3952355	6652379	0	0	0
600592	龙溪股份	406235102	5563752	2772440	7400	0	0
600594	益佰制药	365149363	11978554	6313077	80500	0	0
600596	新安股份	1090429706	104488795	168236057	142600	26600	2500
600597	光明乳业	535822002	15870019	20397908	220018	34300	21000
600598	北大荒	703684151	31379816	33417969	606000	157100	342738
600600	青岛啤酒	698637077	76675963	48889389	81461	13860	10900
600601	方正科技	813271500	2891156	7887032	0	0	0
600602	云赛智联	235424992	985766	4452958	8923	200	0
600604	市北高新	432791216	4008711	9335556	10000	0	12400
600606	绿地控股	2099816908	34978671	46677877	1242900	3700	53400
600609	金杯汽车	542503904	8597319	8400423	55500	5000	5000
600611	大众交通	302838737	642746	732831	11500	0	0
600612	老凤祥	111920945	8960479	2469945	1000	0	0
600616	金枫酒业	241128469	51104401	66690382	9960	0	0
600617	国新能源	54510498	1300887	1197461	0	0	0
600618	氯碱化工	127726085	4740879	4557295	4969	0	0
600620	天宸股份	227979402	2144074	2579866	6500	0	0
600621	华鑫股份	966324479	224800887	251519783	269083	33100	42400
600622	光大嘉宝	219925850	3506627	2531600	0	0	0
600623	华谊集团	181958321	33599446	34368982	221500	7400	13200
600624	复旦复华	365808827	1682154	2382703	54900	0	0
600626	申达股份	282046110	1724466	3001918	2300	0	0
600633	浙数文化	602646988	13470380	16396635	399682	11900	64700
600635	大众公用	656488550	9672483	9845952	14100	0	0
600636	国新文化	296198738	6485946	11932306	0	0	0
600637	东方明珠	1018642949	16006272	23263728	354232	39000	8300
600639	浦东金桥	151032446	2975951	3231650	189666	500	0
600640	号百控股	407862227	6324438	8992064	103304	10700	2800
600641	万业企业	791257053	24952577	29534158	4714	1200	0
600642	申能股份	261846972	5684361	3026875	1005600	50000	89700
600643	爱建集团	613037580	12400845	9880707	343291	23000	33800
600645	中源协和	968373282	7390569	44227389	123100	1800	0
600648	外高桥	935585661	19549464	12187112	325534	1200	0
600649	城投控股	1104529155	9537983	7052752	486629	300	27300
600653	申华控股	170681713	598623	2123031	0	0	0
600655	豫园股份	369688680	6095776	4653316	348472	4200	4200
600657	信达地产	142420410	4195852	6728063	240513	0	26600
600660	福耀玻璃	1120232843	43442266	50165010	1062106	86406	102000
600661	昂立教育	572046855	0	234404	0	0	0
600662	强生控股	439876521	3512304	3271345	2600	0	0
600663	陆家嘴	198226858	1778605	2629210	15416	3000	1000
600664	哈药股份	365861165	2870900	2473208	496461	600	104500
600667	太极实业	1046555054	22249295	35477463	2545045	19100	973700
600668	尖峰集团	624444772	6316722	15487071	700	700	0
600673	东阳光	906596445	6569053	10520854	323875	20200	0
600674	川投能源	748339642	21003979	22405592	491300	301100	48800
600675	中华企业	399933838	1231891	2749650	475517	200	38002
600676	交运股份	190516649	803508	1487413	2689400	0	0
600681	百川能源	72422421	1277503	2486565	82200	0	0
600684	珠江实业	275477707	1034863	2023082	3300	3300	0
600685	中船防务	459136439	30444183	33399380	193200	47300	5800
600686	金龙汽车	245393646	6417897	7140334	0	0	0
600688	上海石化	240244524	3314920	2598161	119400	4000	21100
600690	海尔智家	1097998680	76053152	56301207	4798633	141600	28900
600691	阳煤化工	94119990	1286625	1839431	30000	0	0
600692	亚通股份	295430777	15226827	7639538	0	0	0
600694	大商股份	624633573	38685068	17571603	125725	1100	5400
600695	绿庭投资	135946313	4207813	7685976	70000	0	4400
600699	均胜电子	1130523710	17184327	27506170	636615	600	17800
600703	三安光电	4138889230	161713318	204858567	1998503	363300	225000
600704	物产中大	584592731	14294933	16947857	901600	143100	62600
600705	中航资本	1491463933	28483152	33002690	1092946	22000	152900
600707	彩虹股份	400588088	71231454	81987695	341900	14300	14700
600708	光明地产	158313314	3563179	5358544	17700	0	24300
600710	苏美达	158590706	4303170	8144879	1089600	3000	0
600711	盛屯矿业	1241480001	83497780	129228255	26700	0	0
600716	凤凰股份	223503273	6938263	5009647	10800	0	0
600717	天津港	283763707	1909136	9056578	438832	2100	23600
600718	东软集团	1157979333	9911445	18133832	466475	41400	18100
600720	祁连山	898751562	41612880	40515619	223665	29700	39300
600722	金牛化工	161941001	29873769	28042478	86000	0	0
600728	佳都科技	1435980470	28358550	37843088	506402	8000	42200
600729	重庆百货	468899235	7978665	8772740	82716	200	2200
600730	中国高科	217672525	1673636	5631763	4000	0	0
600733	北汽蓝谷	605533887	23131589	44896503	17135048	1230500	1834183
600736	苏州高新	176693554	6931258	4995713	0	0	0
600737	中粮糖业	932492155	14512190	22501174	486779	4500	20500
600739	辽宁成大	2746066635	70900051	74036331	580080	47100	47100
600740	山西焦化	455509597	28672402	30117428	1919300	180000	185200
600741	华域汽车	336086045	26373935	30568259	512096	87400	27972
600742	一汽富维	513189473	9982362	8701626	2400	0	0
600743	华远地产	203743726	3922495	10929759	0	0	0
600744	华银电力	186889798	13984703	9843856	0	0	0
600745	闻泰科技	4178466729	253530734	408159046	1845743	77300	43000
600748	上实发展	469468580	3116751	7143352	414197	500	17600
600750	江中药业	369398182	9285843	8651512	1600	0	100
600751	海航科技	467880126	28727425	37760217	235800	0	35200
600754	锦江酒店	40152646	1900671	1585276	88740	3000	2600
600755	厦门国贸	842826211	13627776	20437737	1759458	11200	26500
600756	浪潮软件	670130345	28119326	24459318	116064	12900	53100
600757	长江传媒	293743778	19290073	6456908	183500	3100	14000
600759	洲际油气	259903742	8374703	8842845	232400	0	0
600760	中航沈飞	1115648423	82866024	95145807	561225	33800	85997
600761	安徽合力	221438104	16129051	20370852	100	100	3900
600763	通策医疗	1270179666	51431500	103931805	120773	1000	400
600764	中国海防	554078773	22365755	47285436	42300	10600	0
600765	中航重机	671780376	145226929	124753644	201044	9678	14500
600766	园城黄金	62321132	2068030	3161910	0	0	0
600770	综艺股份	436888899	8336639	11050186	159350	7000	26400
600771	广誉远	484695872	37564942	36703915	196670	1000	72700
600773	西藏城投	318890302	4117226	6820321	2100	2100	0
600775	南京熊猫	271453479	2259469	4137207	117700	0	0
600776	东方通信	342162428	3613585	5590491	334074	6400	30500
600777	新潮能源	480505428	11018782	9425754	738400	0	20300
600779	水井坊	549851059	44488964	49226063	100999	18900	221244
600782	新钢股份	393998378	33305051	31876189	964882	68100	36200
600783	鲁信创投	610500171	8147344	17316257	67100	0	0
600787	中储股份	309935575	6880018	2033054	547700	6100	17600
600789	鲁抗医药	453798052	8159602	11256101	183000	13000	0
600790	轻纺城	299851559	3191719	2535246	0	0	0
600795	国电电力	514145725	33193326	15441407	20434079	1383000	1285700
600797	浙大网新	873584610	8397247	23229639	19200	0	0
600798	宁波海运	138146117	7532637	9193989	0	0	0
600800	天津磁卡	215305375	9724405	13729076	10400	0	10200
600801	华新水泥	897763990	30182852	43171208	300301	12500	37900
600802	福建水泥	296709424	3467551	4732652	33400	0	0
600803	新奥股份	227978958	6885446	11662560	56575	10100	0
600804	鹏博士	1083936871	9536340	23913860	878963	40300	85800
600805	悦达投资	248577134	30390115	40098504	3000	0	2000
600808	马钢股份	439790045	8571915	13239521	964800	2200	62500
600809	山西汾酒	873521722	109006892	131487587	2688188	67900	48800
600810	神马股份	281704520	7858432	13548952	0	0	0
600811	东方集团	1441731970	8717819	8186202	1036087	1400	0
600812	华北制药	574871507	8402903	8933805	125000	0	0
600820	隧道股份	574283826	1660359	5427132	716896	900	55200
600822	上海物贸	114145766	1716234	3382512	100	0	0
600823	世茂股份	173650771	2087415	3805910	375580	9900	23500
600825	新华传媒	355178631	1251093	1430077	15700	10900	0
600826	兰生股份	219052516	720277	1874858	0	0	0
600827	百联股份	964619879	49365897	37936165	264464	32800	42800
600830	香溢融通	291525225	1062270	2055120	0	0	0
600831	广电网络	314300591	3598470	7459757	96425	0	3400
600835	上海机电	256081897	10258601	9715670	133500	11000	800
600837	海通证券	6149614706	323067748	165157267	224184959	511000	659430
600838	上海九百	260068815	7569706	11396623	4218	1200	2600
600839	四川长虹	1074648220	29230238	26753929	2197640	164600	302500
600845	宝信软件	262700869	16833247	20968870	183716	42700	1000
600846	同济科技	385853537	2746890	4274719	800	0	200
600848	上海临港	303532920	2675327	4240448	217770	19800	13800
600850	华东电脑	504372074	9318159	7596257	3200	2100	500
600851	海欣股份	256220273	954701	1259252	3000	0	0
600855	航天长峰	335764685	2958669	10569050	13218	1700	200
600859	王府井	1179066365	29535236	25951164	153638	18300	31400
600862	中航高科	341971042	21270930	30962839	543279	86600	65800
600863	内蒙华电	331110572	4710896	3475846	1151525	67500	114900
600864	哈投股份	517931995	33713855	34341856	323800	59900	50000
600867	通化东宝	1517750201	52448543	54391520	475500	197600	14300
600868	梅雁吉祥	358722388	4051318	3270562	178400	0	0
600869	智慧能源	192830848	2761763	3717452	291200	5100	23500
600871	石化油服	144856595	35403514	31031210	294500	34700	0
600872	中炬高新	458381043	57938644	46194242	89632	21000	6500
600873	梅花生物	945874873	31949231	89793536	178000	42200	1100
600874	创业环保	267959522	9111036	7975738	203400	8200	0
600875	东方电气	991341417	69595878	49843230	647271	10900	87500
600879	航天电子	1126402817	27088530	31913171	11595852	16200	54900
600880	博瑞传播	334725304	3415790	9385727	3700	0	0
600881	亚泰集团	582506538	3512789	6654299	876013	1000	69581
600884	杉杉股份	909470186	129032832	133912592	1227242	248100	152800
600885	宏发股份	139029730	7387336	14499111	282839	14300	21700
600886	国投电力	1038464040	24322429	17939228	12818592	45500	10500
600887	伊利股份	2143823453	153340599	138367467	17318661	1102400	295346
600888	新疆众和	269453475	12980645	27722565	82941	0	0
600893	航发动力	2443542534	137709013	163955310	2139497	111500	230862
600894	广日股份	279300897	9767069	11836669	3000	0	0
600895	张江高科	1047528871	11440437	16549554	567804	25200	15900
600897	厦门空港	105065923	9791885	4634078	2000	2000	0
600900	长江电力	2535657561	43166896	25017913	160138287	3410745	473700
600901	江苏租赁	648386393	8518619	8079170	352300	3300	17600
600903	贵州燃气	207717006	18632496	15433830	289208	13100	6000
600909	华安证券	1224924577	27770313	59767624	1768800	14600	63700
600917	重庆燃气	38951208	665514	2840009	21100	0	0
600918	中泰证券	796675235	126598783	145326627	55000	30000	0
600919	江苏银行	1512464419	0	12168128	26988394	0	0
600926	杭州银行	762015509	33933314	45579961	11223105	355770	39200
600928	西安银行	322073886	42239659	54340369	956000	388600	74533
600929	雪天盐业	166982884	1590655	3384328	30000	0	0
600936	广西广电	53478057	438615	1150139	5000	0	0
600958	东方证券	1870218880	49737694	81589454	29952475	156400	238500
600959	江苏有线	199733007	9507033	7610599	631790	23400	61550
600963	岳阳林纸	244645477	14531568	8430471	0	0	0
600965	福成股份	74053635	4915557	4724801	300	300	0
600966	博汇纸业	285008181	23912912	29920270	2000	0	0
600967	内蒙一机	788303365	16355284	15909361	320794	12600	70600
600968	海油发展	339151737	9886492	21888957	185900	92600	29000
600970	中材国际	1089537043	20975190	38237004	225120	0	1200
600971	恒源煤电	357422948	49996212	50719722	1742780	76680	0
600975	新五丰	283369931	9433399	9483006	15600	8900	100
600976	健民集团	293394345	3933423	2422001	0	0	0
600977	中国电影	405426529	19835978	17821903	62142	0	12900
600986	科达股份	341125093	8334482	9926843	9000	300	500
600987	航民股份	188451514	3709310	4675978	0	0	0
600988	赤峰黄金	1386679841	40877199	69161723	8500	0	0
600990	四创电子	415117623	7210539	9838830	43751	0	500
600993	马应龙	535428505	26811188	31109637	29200	0	33100
600996	贵广网络	106778579	3589645	4679630	828299	0	0
600997	开滦股份	174881148	16116952	23876747	1390523	32600	5000
600998	九州通	916406932	8761295	11881612	133931	0	89200
600999	招商证券	1947795812	52832927	67870298	2106851	126380	198740
601000	唐山港	302967276	11196287	8994346	1019832	2800	86200
601001	大同煤业	323201684	48899718	40059132	759100	15800	12100
601002	晋亿实业	269545090	3747006	7621220	37600	0	0
601003	柳钢股份	51229872	3297294	6980814	446600	12900	36200
601005	重庆钢铁	123858369	12240402	13001289	1830900	118700	171500
601006	大秦铁路	1450470628	22567709	50626100	2719842	267500	30021028
601008	连云港	75366169	8167080	8982476	80000	0	0
601009	南京银行	1412246278	44562524	22378960	2311486	700	20000
601010	文峰股份	86496325	1091536	4331336	0	0	0
601011	宝泰隆	269680425	45159761	50683386	386600	0	30400
601012	隆基股份	5449346569	415891776	465956519	3969016	234300	190700
601015	陕西黑猫	165474085	110503042	82244006	361000	0	0
601016	节能风电	318277753	5606519	18130121	892100	2100	32600
601018	宁波港	263476028	4687047	3884603	697400	100000	91100
601020	华钰矿业	325545023	19858706	17125179	0	0	0
601021	春秋航空	383985998	10305407	21180141	265240	35900	14100
601038	一拖股份	127662152	1249902	5615796	87900	4500	2000
601058	赛轮轮胎	281531827	40283635	16437806	32100	0	0
601066	中信建投	3052214409	358886855	342976918	2509259	1733401	431979
601069	西部黄金	246657197	3297291	10067827	0	0	0
601088	中国神华	1406717674	104158825	74737303	672375	70000	126500
601098	中南传媒	225853469	6608615	7491769	428313	6700	14700
601099	太平洋	2485330394	69400555	88152209	7452865	1059400	762000
601100	恒立液压	212713300	21590519	23714713	194640	29600	15300
601101	昊华能源	195340644	11375682	10668955	114700	21200	0
601106	中国一重	355643461	5198788	5318151	716400	35000	55700
601107	四川成渝	79422924	843130	1458440	5200	0	0
601108	财通证券	3712908607	87551912	120729683	10015902	217200	165600
601111	中国国航	775958861	42566557	42635268	1108939	396400	112600
601116	三江购物	92909513	2259327	1918961	10700	0	0
601117	中国化学	743466744	33553944	28283250	341801	14000	105100
601118	海南橡胶	958769940	18716519	16105539	515100	11700	35200
601126	四方股份	200100620	5174856	10283499	0	0	0
601127	小康股份	380626411	92896856	86084668	245917	32100	40000
601128	常熟银行	458292305	12995734	21692887	8521651	76100	55700
601137	博威合金	268542382	5454320	6894501	6142	3900	700
601138	工业富联	1360618593	35303410	29766832	524013	200	55500
601139	深圳燃气	180130785	5325576	10887764	400925	9200	140900
601155	新城控股	2291271240	19372815	35641453	1293370	20500	7600
601158	重庆水务	150678159	2082913	1335371	0	0	0
601162	天风证券	1723735345	84706523	131421498	4295259	420270	311700
601163	三角轮胎	254327302	10836537	12572819	5400	0	0
601166	兴业银行	10942533070	160378165	168459742	130047245	1085278	233894
601168	西部矿业	1477219616	178389017	194287686	4002149	8400	68200
601169	北京银行	2189626387	41424492	39100308	56422142	57400	249100
601179	中国西电	504852862	8904293	27011648	1769850	53800	51400
601186	中国铁建	2321599740	43625811	32454354	798387	120500	9000
601198	东兴证券	930061611	38599387	31555896	736068	83000	5100
601199	江南水务	96342850	1294984	1235497	0	0	0
601211	国泰君安	3580204341	92074440	87132673	73388425	416100	513400
601212	白银有色	328243063	15811669	27003292	102100	0	14500
601216	君正集团	838932882	31749395	34515220	2740540	126900	75600
601218	吉鑫科技	264485676	2488417	3906127	6000	0	0
601222	林洋能源	368475011	16446066	16411374	0	0	30000
601225	陕西煤业	1441912037	72644579	98378357	3324382	163300	9700
601228	广州港	121283877	6684955	7452144	705115	2200	38200
601229	上海银行	700510128	33394483	16290777	29548662	1002300	300
601231	环旭电子	650031970	100112036	94405637	399356	40610	32800
601233	桐昆股份	1308461512	95883701	145702815	3114500	157300	44300
601236	红塔证券	676912216	103992754	86108377	280393	55900	47200
601238	广汽集团	839540691	49682745	64621387	2407019	477130	285300
601288	农业银行	4235217809	115975896	124912208	64275000	1611000	2187200
601298	青岛港	161213298	3338652	4381900	27600	0	7500
601311	骆驼股份	473301128	33366136	33561327	41275	7900	1100
601318	中国平安	21212143739	847142183	682189329	28228508	348900	604300
601319	中国人保	1220174198	60379636	67919553	1546384	14500	55400
601326	秦港股份	99543296	975270	2267435	37100	0	0
601328	交通银行	3161578882	108817372	57771638	167235050	4975100	59400
601333	广深铁路	513533958	3066832	16282444	2058490	0	1360600
601336	新华保险	1532681873	51651068	78387496	649724	90300	90300
601339	百隆东方	100262562	3284750	10803490	10000	0	0
601360	三六零	1111862120	112067976	135142467	929881	205100	44900
601369	陕鼓动力	355644559	6467685	4393398	2600	0	0
601375	中原证券	549617874	10061051	17468011	10384086	0	138300
601377	兴业证券	3764058741	57795270	103202228	5088774	369600	583600
601388	怡球资源	327505098	22659118	18609378	200	0	0
601390	中国中铁	1499032407	38592857	53430126	1816970	680000	50300
601398	工商银行	3926165894	140913745	110948924	43907300	401300	3328900
601515	东风股份	256251096	5079641	3091900	2000	0	0
601519	大智慧	846569258	26798704	46034783	0	0	20000
601555	东吴证券	2385005595	38094248	47510500	12900350	86120	93600
601566	九牧王	172027804	6263459	7742998	6600	4000	500
601567	三星医疗	247185412	8529078	12911068	7000	4000	0
601577	长沙银行	612583340	20281967	26921799	355511	4600	32500
601588	北辰实业	193989594	4616736	6108739	300	300	0
601598	中国外运	260116399	15195848	29094570	314817	5600	290400
601600	中国铝业	1732546974	129655670	136094896	3437755	674600	633600
601601	中国太保	1774272431	115314388	83608253	2544644	259200	321100
601606	长城军工	236468681	6896292	7679007	96800	0	0
601607	上海医药	1122934559	24188260	24541147	934946	4000	1200
601608	中信重工	320695541	3359614	8042407	821556	4600	869200
601611	中国核建	325922663	20837158	24947221	296500	3600	21600
601615	明阳智能	774718757	89792599	77543553	786048	109900	329900
601618	中国中冶	930508993	18760610	16050449	2313100	1191200	60000
601628	中国人寿	1597730341	102227594	156522464	602822	93400	126400
601633	长城汽车	367100888	28323860	40276904	3884062	458200	966600
601636	旗滨集团	692867702	79228406	81248808	619613	92100	148100
601658	邮储银行	384036278	20679513	34091722	2549958	600700	577600
601666	平煤股份	373889753	8669346	11728957	3347580	55600	0
601668	中国建筑	5887102340	143602820	183947125	10814288	1791800	184500
601669	中国电建	1352683868	35089681	44078106	892900	12500	159300
601678	滨化股份	681386983	14131341	19684202	490572	2500	114700
601688	华泰证券	5458187509	161532636	127609669	22186765	290497	910500
601689	拓普集团	289301163	15002083	28729962	765088	37955	30200
601696	中银证券	803522584	52543105	70409767	67000	10000	0
601698	中国卫通	449948600	10529658	9267305	374656	32600	0
601699	潞安环能	572488770	50457136	54609433	690512	100300	66300
601700	风范股份	88267239	478852	571752	47400	0	0
601717	郑煤机	645728746	45426966	100238391	1472580	18700	54700
601718	际华集团	611682795	11693722	15791561	738700	20000	244600
601727	上海电气	934138702	75513487	40731525	30738610	339700	823400
601766	中国中车	2202268922	13910555	33920381	3141520	156900	0
601788	光大证券	3159659111	118091176	108592869	1630039	114600	379776
601789	宁波建工	261545454	4085865	3658084	0	0	0
601799	星宇股份	25075389	5944653	9881612	14800	1600	3873
601800	中国交建	1101206324	12596291	23827621	1125516	117900	0
601801	皖新传媒	281317150	5200789	7051270	350300	1600	11700
601808	中海油服	244103414	16445346	16192357	410643	22500	42900
601816	京沪高铁	609198824	9826844	14988280	356600	400	65300
601818	光大银行	1565825315	50486044	68689700	52842300	1417500	3389700
601828	美凯龙	123352403	4811178	7932988	174290	34000	5000
601838	成都银行	481891092	24017297	37163082	6408831	4479890	412100
601857	中国石油	1847368932	35846029	35772545	5488300	72300	5700
601858	中国科传	160710572	4005129	5654349	0	0	3800
601860	紫金银行	419037894	55340737	52756100	1637400	146200	204200
601865	福莱特	404049761	62074494	43248010	363586	11000	33200
601866	中远海发	720002925	24039459	34396631	2411400	17100	470000
601869	长飞光纤	133035832	1478159	3009673	84944	900	0
601872	招商轮船	879687899	13424623	30642485	466400	62000	0
601877	正泰电器	688126867	27257843	36221631	3181246	23800	59300
601878	浙商证券	2428962670	148066734	136191654	4701038	407300	760239
601880	大连港	195296598	5251679	4047533	853800	400	0
601881	中国银河	1720781336	56308876	78449377	1212757	39800	58200
601886	江河集团	387077208	8895383	16263936	0	0	0
601888	中国中免	2948889792	106635285	117462769	682275	15000	51200
601890	亚星锚链	139072265	53127742	55858104	170000	40000	40000
601898	中煤能源	425858481	10118452	14134586	398062	0	25200
601899	紫金矿业	2438642778	229021956	258062538	20044182	1841600	2164250
601900	南方传媒	102307040	2746153	1578974	0	0	0
601901	方正证券	1165386335	29746461	45025927	14848287	17300	165200
601908	京运通	550714530	117940470	134041310	145700	2700	75300
601918	新集能源	270685180	26526554	27605592	472318	50400	0
601919	中远海控	1574044213	156590573	229211484	3690462	407700	1046222
601928	凤凰传媒	223192687	1178173	5048232	280400	300	14700
601929	吉视传媒	310028683	5921529	7379372	1455500	334900	39500
601933	永辉超市	2025013315	75276901	62653833	5619706	54900	1186700
601939	建设银行	1504661862	106105723	70855182	24792919	732600	1365500
601949	中国出版	116365850	6178852	5804826	6500	0	12100
601952	苏垦农发	367410237	21888737	22187841	32500	0	0
601958	金钼股份	349578540	3830223	6767417	4364409	59600	23100
601965	中国汽研	175321345	26037862	30554001	28838	26838	9600
601966	玲珑轮胎	154580822	13709370	12582473	384602	18882	21800
601969	海南矿业	99820128	24283908	21253190	115200	400	0
601975	招商南油	425236243	11106911	18974140	715900	69400	70500
601985	中国核电	871028646	16709664	33857856	2194673	59600	9900
601988	中国银行	2335029751	128878728	137124461	36997600	98200	960000
601989	中国重工	2362729970	84533198	81872997	18922536	1272900	898300
601990	南京证券	1567149956	85505356	89808496	108582519	215700	20000
601991	大唐发电	385992263	2141997	4248057	160800	0	0
601992	金隅集团	778256284	6749371	15578369	703100	71600	25000
601996	丰林集团	240512691	2756404	3416522	5000	0	0
601997	贵阳银行	1468743480	37987683	50496503	101100	0	181800
601998	中信银行	752348766	20400792	18017398	460572	200	13300
601999	出版传媒	149384674	2641091	2779787	0	0	0
603000	人民网	862756199	6304222	15389499	366372	27800	11800
603001	奥康国际	155574841	1206451	3006821	1000	0	0
603005	晶方科技	981548062	65464893	69005122	213380	65680	17400
603012	创力集团	260617480	5283456	6823856	2700	0	0
603018	华设集团	177171698	1758071	3700244	0	0	0
603019	中科曙光	2745667462	189398397	134467067	1885565	13400	16600
603025	大豪科技	129838804	0	1763277	461154	0	0
603026	石大胜华	975520430	74404626	82316620	47700	22600	7800
603027	千禾味业	382732410	52930813	31050778	0	0	0
603032	德新交运	42254244	586782	1053227	14000	0	0
603042	华脉科技	186402897	7456890	6692148	0	0	0
603045	福达合金	177410871	3890276	3687692	900	0	0
603077	和邦生物	307714799	10252784	15301721	1628900	58400	108500
603083	剑桥科技	294528850	12005391	17421103	244240	30800	20000
603085	天成自控	103739388	1219086	1817529	22200	12800	8200
603108	润达医疗	341447155	6446755	4651388	40600	0	0
603113	金能科技	246985122	16155064	17398679	420600	0	16300
603118	共进股份	425908597	4648204	4925059	32200	0	0
603127	昭衍新药	244946954	10027965	14685492	6939	0	0
603128	华贸物流	262314596	26543134	21778881	25900	1100	2500
603156	养元饮品	228103512	21439287	12799812	73973	9900	8300
603160	汇顶科技	1805429165	54997032	43199338	116407	5900	7000
603167	渤海轮渡	269251640	11960449	27925332	153500	7000	0
603169	兰石重装	109466329	977556	1814678	32000	0	0
603195	公牛集团	403377591	45026560	45701955	0	0	0
603198	迎驾贡酒	446467747	156929922	149440287	3511533	16500	5000
603220	中贝通信	189169282	15928411	17193027	10000	5000	0
603228	景旺电子	374243582	9088015	12655075	339650	3700	11697
603233	大参林	181635782	18850505	20837265	110442	17800	13900
603259	药明康德	1545159231	96934975	100653054	710842	46300	27100
603260	合盛硅业	313106941	11334597	26388613	8000	2600	1000
603288	海天味业	430902654	43195074	49444404	628448	6000	1700
603299	苏盐井神	157209694	37541706	20519431	0	0	0
603318	派思股份	121711794	10079674	7117550	24500	0	0
603323	苏农银行	595200203	35877436	67135936	648100	0	126000
603328	依顿电子	257785873	1545849	4869412	239949	12700	0
603329	上海雅仕	88258998	2139270	5365664	15400	0	0
603338	浙江鼎力	122465929	7189997	5564779	165505	5200	1300
603345	安井食品	75976759	8806148	7742005	328511	62700	7300
603355	莱克电气	77029924	1577167	1728811	38900	200	61453
603363	傲农生物	251287262	7997754	5590215	9820	9100	500
603368	柳药股份	334901689	7191120	8624716	24000	0	0
603369	今世缘	469069815	57120304	74856148	700001	48526	599900
603377	东方时尚	222641553	1594264	1728493	213502	26000	100
603379	三美股份	141974995	7989655	6404714	2400	0	0
603387	基蛋生物	511462219	12309505	18581893	22000	2000	0
603393	新天然气	271921964	30635525	52160967	0	0	0
603399	吉翔股份	85761236	1534098	1559981	0	0	0
603444	吉比特	288803208	19921504	15674364	13181	0	100
603456	九洲药业	98336263	4479883	7283002	18000	0	0
603501	韦尔股份	1557033269	126201927	203374519	249898	33400	11600
603505	金石资源	218880801	23524016	17151598	9703	5700	2800
603508	思维列控	155270904	1049683	3024448	1632	1500	0
603515	欧普照明	67403101	4270540	5089665	739555	2400	176900
603517	绝味食品	112690051	4870108	4983545	108839	3400	1400
603559	中通国脉	233579622	20378546	13333343	32800	0	0
603567	珍宝岛	82900977	1766282	1344627	0	0	0
603568	伟明环保	171313499	2674928	6209198	340835	100	0
603588	高能环境	357097001	8068388	10731149	3000	0	0
603589	口子窖	379132668	71593787	79998309	6900	0	3700
603599	广信股份	408887070	58948603	49946395	35000	35000	0
603601	再升科技	318239199	17647737	17435418	10800	9700	0
603602	纵横通信	141781782	14174829	21139214	48250	0	32
603605	珀莱雅	216000586	17589017	11583978	7200	0	500
603606	东方电缆	574503930	41791858	39033768	309008	5900	9900
603609	禾丰牧业	203504423	7644663	15093961	4600	0	0
603618	杭电股份	112532333	3833646	4762769	0	0	0
603636	南威软件	399682251	10371278	14653097	1000	0	0
603638	艾迪精密	491255458	95246279	33314600	0	0	0
603658	安图生物	185542634	3008148	4513675	437401	4500	300
603659	璞泰来	417717899	50375122	31974388	388658	17200	30500
603660	苏州科达	309758134	2971756	7487065	52000	0	20000
603678	火炬电子	443490867	61494333	47305184	955632	19400	12700
603681	永冠新材	96435038	3363220	4608830	0	0	0
603688	石英股份	312912159	12438316	8066254	13700	0	0
603696	安记食品	144694509	12010923	14754803	25700	0	0
603698	航天工程	111771673	2058717	5408081	1000	0	0
603699	纽威股份	69423569	556173	1288643	0	0	0
603707	健友股份	305456780	8343252	3511775	40790	100	200
603708	家家悦	213980976	12085044	14830162	2070616	1959678	32700
603712	七一二	228410646	4333059	4494535	132631	4500	500
603718	海利生物	405887909	31053154	17727472	71500	900	600
603719	良品铺子	140825351	4740865	9993536	0	0	0
603737	三棵树	194561565	8208423	7156420	3400	1000	0
603766	隆鑫通用	287701489	12809841	18244579	126350	2400	34849
603776	永安行	237396462	6157686	6710408	14000	3000	0
603789	星光农机	79902100	1017658	1930037	0	0	0
603799	华友钴业	1593246796	167356024	240445671	1140818	301526	202470
603803	瑞斯康达	293774164	10020956	11251266	17800	0	0
603806	福斯特	161722423	23170228	27282348	43232	5100	5700
603816	顾家家居	82853948	2172406	3640533	43468	0	7600
603833	欧派家居	291712489	18639293	15583444	203440	6900	16655
603858	步长制药	805157976	24644789	39391673	224640	5500	21531
603866	桃李面包	69996412	3308765	7388810	148061	400	46300
603868	飞科电器	60736991	1564977	3266245	32289	2100	0
603881	数据港	396642857	14646321	16056661	30700	2000	0
603882	金域医学	313562127	18213953	25422098	86500	3700	1000
603883	老百姓	152454599	8293475	5606551	189961	100	200
603885	吉祥航空	230498874	7818805	7923554	292443	5700	60000
603888	新华网	309217581	7065310	12232941	80000	0	1000
603890	春秋电子	190990443	6080499	8373326	14520	0	0
603899	晨光文具	97888774	7446948	11314871	91736	1200	18400
603919	金徽酒	350861365	85065008	116494133	388780	10000	23100
603936	博敏电子	324834684	10495245	14495604	23000	3000	0
603939	益丰药房	101191485	15265804	6586113	143872	3800	43607
603959	百利科技	244026388	853521	5827682	3607462	0	900
603986	兆易创新	3215462971	375660215	254924558	230302	45700	49900
603989	艾华集团	120375616	3542453	7005271	29000	0	0
603993	洛阳钼业	1536044825	65799783	84375589	22188605	948400	1180000
688001	华兴源创	67988283	3283901	3317164	160829	0	0
688002	睿创微纳	297323306	46190827	39361324	1649251	35984	79178
688003	天准科技	124540945	4631502	6266433	1107894	18476	29499
688004	博汇科技	48906833	454701	2133472	164760	44400	37913
688005	容百科技	235606310	13620080	22187084	599374	56280	29490
688006	杭可科技	101970222	13470673	11525144	270996	21324	47248
688007	光峰科技	95442705	1321761	3554254	2552861	1977	3481
688008	澜起科技	429190318	53408194	95964420	0	0	0
688009	中国通号	444214567	9986664	16050190	39132648	200	1000
688010	福光股份	91155091	2874984	3898601	360728	6397	4727
688011	新光光电	140573716	5721683	4761741	127007	27429	14586
688012	中微公司	531244552	66052059	134959323	841430	70775	73360
688013	天臣医疗	27468120	443892	1815376	301390	0	0
688015	交控科技	94284860	4505781	2470935	1016477	11396	20292
688016	心脉医疗	175404128	6724992	5345781	492417	19413	19250
688017	绿的谐波	39564414	11885947	9392325	189575	33134	24714
688018	乐鑫科技	152597355	7921738	12903280	132114	13374	13751
688019	安集科技	185891396	34220520	29719703	104326	20427	17294
688020	方邦股份	174506951	7101895	5557795	115610	26000	7420
688021	奥福环保	64876516	991079	1633529	283871	3620	30200
688022	瀚川智能	70238394	4666704	2873600	273749	11085	86246
688023	安恒信息	229695840	8419530	6577068	142834	9285	10630
688025	杰普特	89289114	5246205	4734729	627089	7900	8228
688026	洁特生物	106031996	1231212	3878093	703109	3800	9300
688027	国盾量子	317120404	9478651	16808929	1123051	7515	6238
688028	沃尔德	73316290	1826102	1546379	109732	11694	109311
688029	南微医学	157458849	12148544	9581953	1056123	11937	4525
688030	山石网科	90351852	3165907	3227542	998710	9440	27316
688033	天宜上佳	116789942	4071735	4509295	1938300	200	60000
688036	传音控股	218140209	27593661	29603746	1965438	53236	79914
688037	芯源微	124380015	3245588	3700116	424698	25255	15137
688039	当虹科技	67115231	2150864	2665626	549554	10850	31744
688050	爱博医疗	252366562	4885678	5132810	95888	10662	24907
688051	佳华科技	121712001	1918235	5827428	89663	6941	3458
688055	龙腾光电	162132834	8908136	11686308	3345819	298905	47500
688056	莱伯泰科	43102745	1325060	2379736	265097	0	0
688057	金达莱	108975735	7904915	11826631	89845	32845	0
688058	宝兰德	46353031	3163714	2809814	61053	0	3323
688060	云涌科技	93253860	2795700	1433434	92904	597	0
688065	凯赛生物	217605229	3533863	7134505	118028	5400	9700
688066	航天宏图	128705181	6687976	7077159	294529	12787	19902
688068	热景生物	64589289	1288118	1223688	375785	0	4021
688069	德林海	47148959	2375345	5105549	68047	14800	2564
688077	大地熊	49946105	2710956	2578863	431689	44323	61740
688078	龙软科技	30320623	773939	702446	444329	8837	400
688080	映翰通	35531574	575981	1867338	32331	2662	3312
688081	兴图新科	36096831	1136207	2585961	211204	2367	1000
688085	三友医疗	70849071	3236567	2274664	923616	14032	16921
688086	紫晶存储	207767114	3772752	1463498	273746	13800	14840
688088	虹软科技	243357737	20484768	31677106	1471621	399546	79351
688089	嘉必优	118875524	4433809	4747466	380736	5700	622
688090	瑞松科技	67867761	1394685	1305194	143668	415	115
688093	世华科技	53842118	2661778	2528588	464950	2100	15311
688095	福昕软件	147725720	5660430	5414522	37008	2049	12611
688096	京源环保	35754040	1944106	1990278	354513	2753	0
688098	申联生物	47214148	788730	605096	549165	39148	13862
688099	晶晨股份	76804243	15183791	15367138	383578	28984	38739
688100	威胜信息	56241936	3537207	3687059	1609130	6358	7743
688101	三达膜	90410603	4601468	2556476	0	0	0
688106	金宏气体	321358538	11868003	19502199	407891	65907	66144
688108	赛诺医疗	123533233	2313186	3846559	1538750	35433	3899
688111	金山办公	756186135	41543264	62138054	1091398	21890	65608
688116	天奈科技	136278991	7676922	17669492	1513111	18165	85293
688118	普元信息	55257142	791806	1329723	337361	0	13000
688122	西部超导	168784807	41109278	44264129	1849300	0	22892
688123	聚辰股份	147126501	4476605	5035363	729940	48654	92293
688126	沪硅产业	751521302	60848161	72198516	18883574	689973	644500
688127	蓝特光学	62705382	7068749	60066073	573241	30794	28637
688128	中国电研	81399749	1127577	1509194	535051	4304	7600
688129	东来技术	38176294	1797808	1850033	462460	0	15000
688133	泰坦科技	41979838	6340555	6691710	534271	10565	36775
688135	利扬芯片	84950607	9482252	14254434	55964	52314	450
688138	清溢光电	88739979	9531182	2840169	643930	37640	34788
688139	海尔生物	185309005	16297714	8479664	2067748	62532	63383
688155	先惠技术	167964456	4352315	5182385	224746	35441	19238
688156	路德环境	25921926	1867426	1911405	21620	0	11000
688157	松井股份	100802506	5552948	4734943	221766	28672	5800
688158	优刻得	151837425	9805916	9688531	1412819	71985	130372
688159	有方科技	53931447	1272111	918369	317924	7837	3215
688160	步科股份	72594437	3732894	7336002	19450	0	0
688165	埃夫特	83728976	1280899	569754	663765	12900	65400
688166	博瑞医药	65878116	5721519	4662700	421768	8400	20126
688168	安博通	73751556	2011122	2662234	505690	3316	4085
688169	石头科技	257183669	67810443	21252335	246011	11280	1147
688177	百奥泰	154486113	1945445	4446396	494359	20108	11066
688178	万德斯	46030199	2760877	2300534	234451	0	646
688179	阿拉丁	43095411	3324237	4752582	0	0	0
688180	君实生物	334503597	6944284	8767228	1232444	40940	36154
688181	八亿时空	78490755	1721167	5964054	324975	34200	4000
688185	康希诺	400951503	78594129	89531575	351372	76146	39698
688186	广大特材	86566794	2547228	2055694	553197	19588	13584
688188	柏楚电子	65736289	14914987	11905464	510679	6828	10293
688189	南新制药	137408243	4528046	4190564	0	0	0
688196	卓越新能	165875778	16544646	8984804	319765	464	1300
688198	佰仁医疗	90523873	1457508	958693	103706	8896	5050
688199	久日新材	158730237	6758617	4978195	124552	10992	10682
688200	华峰测控	174333461	21580246	24086683	377507	22023	16311
688202	美迪西	108291367	6471762	5958661	184985	3600	2000
688208	道通科技	112873687	2596485	2242008	1176652	2347	3203
688215	瑞晟智能	25430616	510701	1982230	154485	0	0
688218	江苏北人	26891046	1946596	1034740	445853	59666	644703
688219	会通股份	60211445	6321194	12167850	1154742	16851	31194
688221	前沿生物	76383058	5740959	3064663	0	0	0
688222	成都先导	98455061	828832	2037406	1021905	520	5069
688228	开普云	51425900	414394	841257	0	0	0
688229	博睿数据	46519561	5907178	3633708	87865	15788	9791
688233	神工股份	105905573	4023178	5547129	306879	1900	200
688256	寒武纪	312181503	18271799	16038682	2436121	43007	45610
688258	卓易信息	121579976	3222703	5820515	156381	9549	6820
688266	泽璟制药	215394925	18218623	14927973	898979	48189	60374
688268	华特气体	152203966	5173620	3631068	206346	8300	12364
688277	天智航	112977567	1642649	2697405	307941	55955	60572
688278	特宝生物	51547225	1990513	2055585	0	0	0
688286	敏芯股份	205691652	11186106	15579821	139395	22511	19707
688288	鸿泉物联	69318987	4475817	3250249	567294	10100	4113
688289	圣湘生物	207787448	18827553	25295417	50000	0	0
688298	东方生物	375451190	46604791	39073742	369892	62237	117557
688299	长阳科技	114657860	7418111	6333337	535146	52264	56373
688300	联瑞新材	120081915	3742903	9273848	254545	1000	14287
688301	奕瑞科技	47156157	5614112	7342354	97825	10294	17000
688308	欧科亿	22237960	17998207	19073050	719363	47736	428510
688309	恒誉环保	52417755	830305	1117511	199033	4839	2265
688310	迈得医疗	44481787	518281	1251389	134449	1815	2597
688311	盟升电子	174457452	9774215	8411707	160254	24455	28595
688312	燕麦科技	56710878	884120	709891	139553	9399	1000
688313	仕佳光子	55600010	1680336	3218376	439916	63253	41658
688318	财富趋势	366369191	14212885	19636015	191592	24765	28087
688321	微芯生物	281471077	10374189	12053518	1272198	28105	122493
688330	宏力达	132215383	5322382	7766955	109142	8500	3800
688333	铂力特	205574351	8001024	16158236	1219600	20000	5000
688335	复洁环保	49972715	893712	1086415	73692	5200	3600
688336	三生国健	94644325	1854432	2753801	266796	17325	17418
688338	赛科希德	59373886	1435036	3490402	221041	8200	5579
688339	亿华通	172719118	12273390	14789737	781236	10400	19452
688356	键凯科技	33386550	839748	1788673	84396	8500	3690
688357	建龙微纳	72711425	5572647	2043411	394199	0	0
688358	祥生医疗	66545154	767518	363293	0	0	0
688360	德马科技	46322610	834250	1967197	58004	6900	52777
688363	华熙生物	473226735	32460166	31776753	238358	40223	43275
688365	光云科技	78128785	7328740	9142213	944965	4036	4300
688366	昊海生科	124593661	5938849	7992402	0	0	0
688368	晶丰明源	28755450	5177506	9664822	160297	10288	11986
688369	致远互联	73224390	6449174	4092616	142482	0	483
688377	迪威尔	40134845	553750	804114	237289	5100	5301
688378	奥来德	79320831	1080114	2507516	41124	0	0
688379	华光新材	33895362	1711618	2174371	126087	21242	7983
688386	泛亚微透	62827748	19864594	10463937	147252	58244	35971
688388	嘉元科技	134342367	17967284	23882452	329305	69613	68065
688389	普门科技	51007919	1237265	888767	652700	25182	3000
688390	固德威	87149054	8145088	9631303	81281	9086	10124
688393	安必平	56876572	3766635	2843743	149830	2808	0
688396	华润微	892042188	111316963	110425619	5302891	157714	205778
688398	赛特新材	73638847	4169371	10028109	335472	25412	14820
688399	硕世生物	188848074	20033912	15706372	466424	27701	44054
688408	中信博	91942868	10589219	7768796	951149	14424	12298
688418	震有科技	96549150	610589	1942710	663733	8836	10400
688466	金科环境	49136908	538398	2961936	319915	0	64400
688488	艾迪药业	93353057	763906	834520	265888	6166	22674
688500	慧辰资讯	62445209	1761928	1361651	242797	12401	9700
688505	复旦张江	98206207	2561074	2971576	1310951	0	233920
688508	芯朋微	142860265	15526059	17585686	26782	18800	16692
688513	苑东生物	91209591	2761561	3883622	144164	3000	0
688516	奥特维	57046246	5000692	4585385	323132	18447	23019
688518	联赢激光	70629700	556301	1146713	571568	0	0
688519	南亚新材	60976939	7368968	11602659	177434	46806	27066
688520	神州细胞	111621542	1538412	2152265	1610722	12068	26410
688521	芯原股份	254536925	3720072	13906386	1097465	33071	27849
688526	科前生物	199640124	14611175	9111147	320343	7700	9000
688528	秦川物联	50680972	345167	630749	367343	99300	9932
688529	豪森股份	77072260	6532856	6446420	228034	796	200
688536	思瑞浦	101386491	22953391	17877687	84008	17732	31376
688550	瑞联新材	77478637	7099243	4793703	34752	1500	1380
688551	科威尔	46536109	4154194	5976396	332172	0	0
688555	泽达易盛	45102565	1041717	407088	216181	46300	1188
688556	高测股份	54139759	450930	2832526	489691	34585	28254
688557	兰剑智能	41473001	7809687	9793614	602433	7147	26885
688558	国盛智科	56144207	1257066	2525791	331840	14492	10945
688559	海目星	107823804	16326518	14163736	439914	64111	46033
688561	奇安信	767197820	21645485	25042959	329702	50725	23874
688566	吉贝尔	76291229	666198	1413468	0	0	0
688567	孚能科技	301912085	12723564	17002372	5689088	162460	70297
688568	中科星图	190815652	4030734	4460002	163898	2800	44000
688569	铁科轨道	65041214	1494695	3928484	24000	0	0
688571	杭华股份	19048856	22431886	3383030	3324506	3324506	0
688577	浙海德曼	23125258	1311052	1832142	17351	3600	5800
688578	艾力斯	108505331	24668106	20457795	4933815	241238	264891
688579	山大地纬	26894514	651993	1862087	694353	101600	0
688580	伟思医疗	150057777	9626241	14241289	1936	0	0
688585	上纬新材	39720882	1248143	2177534	393821	12687	14547
688586	江航装备	181620029	8523250	13804532	1343758	73621	119600
688588	凌志软件	63960346	802538	1062954	667997	2103	25280
688589	力合微	68159164	3146978	1395845	184654	13134	13600
688590	新致软件	37614229	12742363	10218475	2734488	41214	233316
688595	芯海科技	96722443	10064982	18641294	224917	14900	13900
688596	正帆科技	62879055	1109211	2531746	465319	16859	10474
688598	金博股份	295605362	12541984	5832119	664995	37202	17766
688599	天合光能	374867254	87651040	91257083	1991547	399130	543776
688600	皖仪科技	38574612	149911	421294	153422	12400	3000
688777	中控技术	199507512	59281150	45987359	2172803	209564	115016
688788	科思科技	238911710	31929284	21977005	55298	3532	9559
688981	中芯国际	4017356578	224237275	259955233	59454261	1011933	540073
689009	九号公司	153448207	27576476	28645145	513148	85916	47302
