标的证券代码	标的证券简称	本日融资余额(元)	本日融资买入额(元)	本日融资偿还额(元)	本日融券余量	本日融券卖出量	本日融券偿还量
510050	50ETF	9124439111	181028759	171703791	37007722	4140500	8689960
510180	180ETF	160989270	898989	595780	866450	4800	34700
510210	综指ETF	2863373	369708	1164506	0	0	0
510230	金融ETF	36196116	6621060	2905749	0	0	0
510300	300ETF	9042405292	84892147	118293503	77169577	5516500	12032500
510310	HS300ETF	387921518	6804248	1714614	162837300	3709300	15671000
510330	华夏300	967631568	766643	19876702	43008610	310900	1628900
510360	广发300	949120	74415	5216	0	0	0
510390	平安300	33362100	10808	0	6925660	232300	0
510500	500ETF	814814540	28229996	49703544	1858129312	53767900	15401300
510510	广发500	20443757	1944167	118522	589460200	27812500	24608400
510580	ZZ500ETF	2430752	233393	822465	160000	0	0
510590	平安500	472323	312622	247625	19054956	182300	0
510710	上50ETF	7138737	1272883	157410	0	0	0
510760	上证ETF	2604013	1110196	489843	0	0	0
510810	上海国企	149295	0	3884	0	0	0
510880	红利ETF	34801472	3668061	3576321	0	0	0
510900	H股ETF	31385168512	300627319	296773331	0	0	0
511010	国债ETF	5747866	0	666	0	0	0
511180	上证转债	417820	0	0	0	0	0
511380	转债ETF	25120049	4083	277560	0	0	0
512000	券商ETF	2515739705	122596583	121967611	103717950	49012600	3000000
512010	医药ETF	51120023	6937034	9398703	0	0	0
512070	非银ETF	32471554	3978029	1780016	0	0	0
512100	1000ETF	2042428	1022	514097	3100000	2100000	0
512160	MSCI基金	7547454	209780	18134	0	0	0
512170	医疗ETF	81796225	5211403	6297372	7800000	0	0
512200	地产ETF	47728450	6739894	8845527	0	0	0
512290	生物医药	144988373	12259572	26625114	0	0	0
512330	信息ETF	19449057	278784	96292	0	0	0
512400	有色ETF	227770506	56063392	54623020	0	0	0
512480	半导体	365190070	26329518	27513574	0	0	0
512500	中证500	18678788	471605	887130	703219583	5196800	7228800
512510	ETF500	2565182	690642	1221027	4504200	50000	0
512580	环保ETF	7915254	1145456	606785	0	0	0
512660	军工ETF	342963568	24803520	36255658	9000000	0	0
512680	军工基金	2613600	98379	721997	0	0	0
512690	酒ETF	119138285	31976350	27763235	0	0	0
512700	银行基金	5980210	775752	710098	0	0	0
512710	军工龙头	96848172	10215199	18250456	0	0	0
512720	计算机	20343640	1601633	1812408	0	0	0
512760	芯片ETF	742546321	61123322	63145800	66821921	1313900	1290000
512800	银行ETF	971396033	67514615	36196162	10891000	100000	538600
512880	证券ETF	4712710264	235552758	226446608	0	0	0
512900	证券基金	36710398	1462364	1324455	0	0	0
512910	100ETF	9485282	1751574	241153	0	0	0
512980	传媒ETF	40178586	3434031	3673812	0	0	0
512990	MSCIA股	3609264	142974	274299	0	0	0
513030	德国30	70766457	1883599	1973521	0	0	0
513050	中概互联	836542965	10570369	26464371	56700	0	0
513090	香港证券	21913911	7194012	12069719	0	0	0
513100	纳指ETF	826653920	7671450	13477656	0	0	0
513500	标普500	1485242443	3352856	48957960	0	0	0
513660	恒生通	75516523	513468	10340621	0	0	0
515000	科技ETF	210964724	25031975	16919929	0	0	1079900
515010	华夏证券	5869539	1787903	172376	0	0	0
515030	新汽车	211439919	42691758	38875617	0	0	0
515050	5GETF	559730160	52214957	48874340	0	0	0
515070	AI智能	28781495	750911	1292867	0	0	0
515180	100红利	7236372	426486	802026	0	0	0
515260	电子ETF	26010201	4410361	3160030	0	0	0
515380	泰康300	16260342	1017	1017	27576143	300000	300000
515560	证券E	46981408	1584751	1824581	0	0	0
515580	中证科技	4469906	196867	8835866	0	0	0
515650	消费50	27436697	10170360	12984880	0	0	0
515660	沪深300E	261976	232643	1249363	0	0	0
515700	新能车	128919556	23034425	18777158	25558400	0	0
515750	科技50	37002564	257889	2127686	0	0	0
515770	MSCIAETF	432887	67562	1195	0	0	0
515800	800ETF	1815850	137081	35089	36800900	0	5500000
515860	科技100	8665780	149394	511204	0	0	0
515880	通信ETF	89237384	5441286	5133783	11105000	0	0
515980	人工智能	16124989	340647	562118	0	0	0
518800	黄金基金	791389674	36445367	44073293	0	0	0
518880	黄金ETF	27139352877	481463956	535546136	70300	32600	49500
600000	浦发银行	5607667311	73514364	40066367	6460111	264700	368500
600004	白云机场	341280898	7971222	17643069	538547	15300	30500
600006	东风汽车	448516631	183938673	219388946	1330300	191800	90000
600007	中国国贸	296621945	525486	3016085	3000	0	0
600008	首创股份	454501371	5473595	9595897	1493011	496711	174200
600009	上海机场	1006309502	67164711	67884164	459594	18100	25000
600010	包钢股份	1282058057	51329423	72450440	10840800	100	1834400
600011	华能国际	319408664	35162296	34402924	2040838	418900	32700
600012	皖通高速	71710594	3169308	3912249	0	0	0
600015	华夏银行	1845350251	9790607	19663692	5733269	2500	0
600016	民生银行	6154056261	25164736	24804942	25085413	780900	399700
600017	日照港	285016546	4947731	6506223	415100	0	4700
600018	上港集团	689955081	17383629	15681755	2075299	67000	268400
600019	宝钢股份	1388001895	39779010	66342995	3023718	773900	52600
600020	中原高速	231919742	5114326	2202563	215600	215600	0
600021	上海电力	132728446	2614063	7990263	593642	149400	14200
600022	山东钢铁	563917835	16281708	16844540	3467400	654700	202891
600023	浙能电力	281974944	27718447	13369526	72200	13200	0
600025	华能水电	903922608	23169124	11253389	1058350	55000	9000
600026	中远海能	597137771	21620620	31000088	957126	224538	27900
600027	华电国际	522059908	21930414	25375573	811600	329900	99400
600028	中国石化	1707930149	36878129	29557381	36657667	20400	326200
600029	南方航空	976196596	18350948	19173938	1115689	59400	80800
600030	中信证券	13898882007	301336706	279584796	21031128	259900	501859
600031	三一重工	2229367941	192141430	195232830	6069666	147200	286603
600033	福建高速	267924193	4272977	6558682	0	0	0
600035	楚天高速	72286106	2102659	3023038	5000	0	0
600036	招商银行	4757902317	200615232	127243488	107171712	615943	442300
600037	歌华有线	756190847	4436790	9773772	613368	168000	4800
600038	中直股份	920351902	92291937	119242921	142815	95500	32600
600039	四川路桥	246616502	8602463	5838787	1127473	258100	86900
600048	保利地产	3753842195	219355387	78083756	39778922	377700	133400
600050	中国联通	2868517747	58689224	24277719	5636400	7400	10000
600053	九鼎投资	172266863	3334065	2551415	71800	43400	0
600055	万东医疗	349680387	1936764	2361626	41000	0	0
600056	中国医药	640145745	12969682	15067497	454328	77200	500
600057	厦门象屿	405465197	8742764	8340524	145100	0	100
600058	五矿发展	249006897	5651862	5799190	383858	6400	800
600059	古越龙山	666997461	195131044	129200820	245300	123500	25800
600060	海信视像	836695730	16168774	22626946	880334	173000	149601
600061	国投资本	1509155999	47851935	52154986	1237351	77600	120800
600062	华润双鹤	393994587	9602636	9115153	524830	71066	0
600063	皖维高新	492702613	5481340	13642635	6000	0	0
600064	南京高科	628355552	15056835	15549988	854869	151900	500
600066	宇通客车	345008700	17976117	21864588	1498276	45900	182884
600067	冠城大通	272508319	3300896	5599894	500	0	0
600068	葛洲坝	1279047175	18094473	26552946	339900	85100	5000
600072	中船科技	396990655	36595584	32656503	34000	0	0
600073	上海梅林	626005753	40673963	31459757	554912	124700	9600
600075	新疆天业	190475267	8598222	9404391	33900	20200	0
600076	康欣新材	156214789	11254719	9403837	5000	0	88000
600077	宋都股份	263574139	1493269	1101694	1200	100	0
600078	澄星股份	278042184	1617017	3233785	2300	0	0
600079	人福医药	1071978532	13648088	17536361	496303	168848	32600
600081	东风科技	167976083	53078820	49357444	0	0	0
600085	同仁堂	1355249014	67827370	74111055	296715	9100	44000
600088	中视传媒	203665788	10320139	9314632	26134	2300	2300
600089	特变电工	1375973458	189154408	197468763	1913800	682100	60000
600093	易见股份	490617612	12576765	11334521	83300	9200	1800
600094	大名城	912269034	2407026	20187333	932439	207200	17100
600096	云天化	346603378	15673849	19496897	19100	13700	0
600098	广州发展	176522306	29562837	17435047	50600	0	0
600100	同方股份	3038945925	8661869	14032834	78000	16100	2000
600104	上汽集团	2928102469	191147244	140993673	2122792	260300	299000
600105	永鼎股份	219966231	13202371	14695812	55419	0	0
600107	美尔雅	324825281	897800	1813364	8500	0	2000
600108	亚盛集团	585006387	30905094	30900912	134600	0	0
600109	国金证券	3734319653	128682379	156241500	6019364	267200	1311950
600110	诺德股份	828801446	31044083	52817186	29900	0	10000
600111	北方稀土	2480651686	197278608	190588591	2040418	371000	593700
600113	浙江东日	257848768	11034443	9529696	5000	5000	0
600115	东方航空	504245559	6284452	8983974	2111059	5000	13000
600116	三峡水利	234443298	8528922	7156785	7981544	0	0
600118	中国卫星	1875909590	20177808	38456302	631807	46900	35500
600120	浙江东方	871694898	8280453	7763361	1165608	236174	4300
600123	兰花科创	437171124	44690901	62509858	362100	171700	177900
600125	铁龙物流	405623059	5052937	5302686	271900	10700	1200
600126	杭钢股份	725844111	4695058	8037492	671903	172800	2600
600127	金健米业	211204355	19329094	20845059	0	0	0
600129	太极集团	240544948	7451756	3335698	47600	0	1000
600130	波导股份	244251939	1568238	4192364	46200	0	0
600131	国网信通	572728437	23981501	27587442	2985700	89300	21300
600132	重庆啤酒	172230341	10434230	8846832	191062	39700	4900
600133	东湖高新	179577969	12750061	5919893	0	0	0
600135	乐凯胶片	241250669	16728041	16702206	5000	0	7000
600136	当代文体	146961678	2589014	1285194	3400	0	0
600138	中青旅	403915452	22398495	27405423	92050	1100	1400
600139	西部资源	184616041	5895301	4291885	14800	0	0
600141	兴发集团	670294204	33418729	23674198	312986	89200	1600
600143	金发科技	2976418700	72169944	81818259	1346138	318000	31338
600150	中国船舶	718690472	14555035	11041505	1482100	0	0
600151	航天机电	695436512	61826635	27038439	204100	102100	0
600153	建发股份	769757230	14793162	5379231	1582943	255900	4100
600155	华创阳安	814053704	105129340	129250170	1686204	501100	1424133
600158	中体产业	1223801845	116661839	92517205	595483	163000	3904
600160	巨化股份	985528462	52526399	59054850	823460	246400	15800
600161	天坛生物	1045459144	37018237	31044372	253596	3300	10700
600162	香江控股	192261886	1356860	6838886	166300	0	0
600163	中闽能源	98935881	11526961	13478885	80000	0	12900
600166	福田汽车	932734113	84170405	67853257	28469595	8584764	2990225
600167	联美控股	311799004	5759303	6241468	498199	147700	200
600168	武汉控股	161022843	916324	1481461	1400	0	0
600169	太原重工	274895011	2180033	7709585	11800	0	0
600170	上海建工	344106398	4881214	5323702	2016045	624700	321900
600171	上海贝岭	834061975	15890673	8691522	806224	115600	53500
600172	黄河旋风	250999538	6016905	13563681	0	0	0
600176	中国巨石	595430217	38910114	50321640	302334	31200	70527
600177	雅戈尔	781878649	4170420	5624230	1520133	5900	60400
600180	瑞茂通	86153591	1389361	888344	2000	0	0
600183	生益科技	1074804373	66074246	42075210	692472	133266	98300
600184	光电股份	129606154	4370309	2551954	3446936	0	0
600185	格力地产	545545136	23810729	56313149	49120	0	0
600187	国中水务	226928239	1084349	2944877	5200	0	0
600188	兖州煤业	574674494	87154684	65424287	1267400	467400	105100
600191	华资实业	166201650	22897635	23192481	0	0	0
600195	中牧股份	395791441	13529753	8331840	607887	99700	300
600196	复星医药	5435872777	484259803	527046903	3805090	383761	882471
600197	伊力特	832293571	310811096	264757717	170638	37500	1800
600198	大唐电信	318939528	23989401	28188977	0	0	0
600199	金种子酒	264844058	103180232	89161758	114900	10000	109300
600200	江苏吴中	278093159	4105683	2491330	2000	0	0
600201	生物股份	815852021	11531580	13047706	728525	180000	25200
600206	有研新材	848781030	28858680	30147176	159700	16300	0
600208	新湖中宝	1003931696	15278098	19909731	952400	345700	69200
600210	紫江企业	343770420	3272797	4381494	0	0	0
600213	亚星客车	117041255	25693862	23876945	0	0	0
600216	浙江医药	741446528	40786329	21514137	529908	107400	37900
600217	中再资环	283361461	22065638	14866569	13300	0	40000
600218	全柴动力	510734331	18824414	20037781	90300	0	30100
600219	南山铝业	909924704	36772880	57095484	3596500	1235795	443395
600220	江苏阳光	231128036	6514335	7026983	16800	0	0
600221	海航控股	938435419	11824998	12695710	1268700	0	300200
600222	太龙药业	239209333	694212	2077620	25400	0	1600
600223	鲁商发展	582349560	20833652	26648083	88600	0	0
600229	城市传媒	262908715	890369	1144249	4000	4000	0
600230	沧州大化	424804689	4071284	3506758	2520	0	0
600231	凌钢股份	60796448	20499015	17488183	0	0	0
600233	圆通速递	600331716	8026905	9694106	22886968	1123147	36300
600236	桂冠电力	85433444	1919495	3256994	0	0	0
600237	铜峰电子	242407102	11994466	13895130	0	0	0
600239	云南城投	337369794	740158	656833	15000	0	0
600246	万通发展	427772770	8162477	5645058	15529906	0	0
600251	冠农股份	310606442	14210645	17322232	36000	31000	0
600252	中恒集团	540054414	5133643	4406061	30800	0	0
600256	广汇能源	802359671	18353987	31873380	2078710	533600	8300
600257	大湖股份	194448061	33686728	37510221	43800	0	0
600258	首旅酒店	183289530	12280268	28768232	220048	69948	17800
600259	广晟有色	642910455	28984558	25855401	178742	60900	16500
600260	凯乐科技	1493901089	9957846	13925343	613727	145800	38100
600261	阳光照明	245935638	9855308	6420210	0	0	0
600266	城建发展	1398681222	7744581	3153035	1217796	217800	1300
600267	海正药业	1069560634	10990411	12411203	15800	0	2000
600268	国电南自	177988350	2254267	3602588	50000	10000	0
600269	赣粤高速	316000874	1761841	4088420	0	0	0
600271	航天信息	1011783505	11604727	11017687	671261	58500	65100
600273	嘉化能源	1282060824	16474908	13249105	791178	142923	6100
600276	恒瑞医药	4415800462	322621370	489281201	58920471	1335375	651046
600277	亿利洁能	548426418	5083230	10237477	921099	172900	300
600278	东方创业	107063161	1295693	1899401	8500	0	2000
600282	南钢股份	503754995	36440841	21449517	2620146	707400	136900
600284	浦东建设	173874291	928012	2448637	13900	5900	0
600285	羚锐制药	372754721	1820586	5228870	0	0	0
600287	江苏舜天	94762602	7505541	6709008	6600	6600	0
600288	大恒科技	497907151	3598564	5313798	6283	0	0
600291	西水股份	175435471	3700064	6982166	542400	98400	0
600292	远达环保	254432887	2471669	3723794	2000	0	0
600293	三峡新材	178504593	30145177	38682382	20300	0	0
600295	鄂尔多斯	181839339	27822064	25736996	161900	25900	46400
600297	广汇汽车	776868481	16998915	26961401	1400800	273000	463300
600298	安琪酵母	1087267516	108941757	98932679	346300	3800	11000
600299	安迪苏	308528076	9747585	11641059	148211	0	3800
600300	维维股份	520478569	84473766	92230281	5100	2800	2800
600303	曙光股份	148643033	12116920	13056348	10000	0	0
600305	恒顺醋业	316401999	35847024	49679788	6064	6064	5400
600307	酒钢宏兴	382984386	26201003	31888656	2947400	811500	34300
600308	华泰股份	301199684	4934192	10305589	20000	20000	0
600309	万华化学	2167444479	62659861	66306883	7192359	198000	34600
600310	桂东电力	131278251	7231493	5623799	29700	29700	0
600312	平高电气	459345416	10105876	11699651	888618	127653	6700
600315	上海家化	527599749	48915302	33276137	7915874	57900	11700
600316	洪都航空	1455559453	258538092	253464836	784471	139500	114200
600317	营口港	137465910	3555271	4128425	57900	0	0
600318	新力金融	359381714	17388196	19396555	168600	30000	0
600320	振华重工	183778362	4664893	3720209	7300	0	0
600322	天房发展	128277269	1660261	2747719	0	0	0
600323	瀚蓝环境	390121358	6946208	5894145	600	0	0
600325	华发股份	1061720586	10244490	10789226	1702794	221100	1800
600326	西藏天路	722036569	4426468	5696031	11700	2000	0
600328	中盐化工	208243105	4901448	5527507	0	0	0
600329	中新药业	343568374	30560852	13323185	284907	51298	6600
600330	天通股份	910448303	15692893	23212831	41100	0	0
600331	宏达股份	256084981	15034551	19335909	1900	0	0
600332	白云山	1089751438	23923555	17371958	532797	23800	43500
600333	长春燃气	142614372	33914537	30971720	0	0	0
600335	国机汽车	391750082	20464778	17104443	94000	17600	3700
600336	澳柯玛	543806016	88338825	71913818	126400	10000	2200
600337	美克家居	310822439	2930248	4253459	52582	8000	0
600339	中油工程	189534199	3770191	9305906	1700000	237300	4200
600340	华夏幸福	1794966978	10557743	10006269	442003	15500	45100
600343	航天动力	309186499	8126731	4603480	8857	8800	0
600345	长江通信	177046900	4375748	3618702	10000	0	0
600346	恒力石化	757908302	37403458	48415466	582861	27200	50200
600348	阳泉煤业	484177066	57485043	72047278	1428700	459500	196600
600350	山东高速	93553729	2637947	1643615	584900	84000	2100
600351	亚宝药业	172734654	9900503	5968848	3000	0	0
600352	浙江龙盛	2848876312	58188931	53560482	1091884	40600	222100
600360	华微电子	651091458	59807090	84606335	894510	33000	10000
600362	江西铜业	1797175705	318497654	291430578	34483958	1350800	533743
600363	联创光电	1377402419	21488765	22236486	55000	0	61400
600366	宁波韵升	476947742	12764005	19192154	140000	80000	22900
600368	五洲交通	90542790	3580583	2705556	0	0	0
600369	西南证券	962730366	8780709	21426093	2188169	99800	39917
600372	中航电子	1074167539	34284077	35524317	470048	133600	93400
600373	中文传媒	558926449	8652451	7084391	658536	94500	15500
600375	汉马科技	422040115	24621282	25551639	0	0	70000
600376	首开股份	376218108	2558160	1906527	1048446	170300	20500
600377	宁沪高速	60200774	2820763	1262241	72600	400	200
600378	昊华科技	168578771	5519869	5067901	1000	0	1000
600380	健康元	829780921	52026641	29808461	741726	292700	31900
600382	广东明珠	369037642	56139162	50018092	110285	0	0
600383	金地集团	965495267	78099435	46547422	6857674	71300	28700
600386	北巴传媒	170229939	2414426	4235498	0	0	0
600387	海越能源	260547219	4733820	1882224	192400	0	0
600388	龙净环保	585739049	4163414	12648303	452862	100049	2900
600389	江山股份	306740033	10234650	14624513	8000	7100	2200
600390	五矿资本	618261714	25400447	14758925	826057	0	13100
600391	航发科技	463323870	22659771	13006689	3000	0	0
600392	盛和资源	1332528211	91607253	99398973	6942981	332400	27400
600395	盘江股份	240308273	50933070	44875218	1236380	207900	82500
600398	海澜之家	156195714	3394107	3966456	1042198	399698	35500
600400	红豆股份	148511118	10551463	1107866	4700	800	800
600403	大有能源	71499624	24903343	32898832	100800	0	0
600406	国电南瑞	2206919959	33515090	45584006	783919	88300	86600
600409	三友化工	523654721	27476244	53549723	803400	183000	2500
600410	华胜天成	1009628299	9141614	10167582	798757	198000	6600
600415	小商品城	647435441	5044507	6015873	11193847	442600	29700
600418	江淮汽车	1739249096	579341097	434773908	1018100	337800	77572
600422	昆药集团	458678267	6972361	7728372	0	0	0
600425	青松建化	335753899	3644636	13427234	2300	0	20000
600426	华鲁恒升	194604483	18320049	18686496	3052328	210393	138700
600428	中远海特	197534131	28689352	25669845	252400	39700	31400
600433	冠豪高新	504000892	10136552	12311115	6100	0	0
600435	北方导航	619806513	9639922	9610660	747857	203500	1400
600436	片仔癀	1971380298	95581441	147179255	692712	8200	71400
600438	通威股份	2355342055	609794517	560155725	3312533	590475	435885
600446	金证股份	1002050370	9675837	22206606	384900	96900	800
600448	华纺股份	160317568	1859154	2852756	11000	0	0
600449	宁夏建材	560538939	4579575	9809588	0	0	0
600452	涪陵电力	294442770	4778486	8798927	4200	1000	2000
600456	宝钛股份	482751413	74260846	58301587	14100	9000	0
600458	时代新材	286169910	9035970	11805030	67700	0	0
600459	贵研铂业	782233116	21513019	29590610	82768	5000	0
600460	士兰微	1125754117	139061236	160662108	3173595	358900	467001
600466	蓝光发展	432414073	7928689	9251900	1362115	175700	2400
600467	好当家	263705714	33548147	24585039	1500	1500	3700
600469	风神股份	88462160	1000618	1015768	0	0	0
600477	杭萧钢构	262339054	5829575	5515032	0	0	0
600478	科力远	411696044	15717961	14302163	184709	30000	4500
600480	凌云股份	189288553	3770217	9618351	22700	0	4400
600481	双良节能	272739079	18013323	17118208	1600	0	0
600482	中国动力	459768418	3191967	4332514	478460	700	6300
600483	福能股份	156768918	3637626	3229720	0	0	0
600486	扬农化工	145210970	12523909	8886718	322544	40457	36900
600487	亨通光电	1589176410	18609716	22288030	20449925	335600	4400
600489	中金黄金	1547239480	36177548	37396541	915848	6500	45558
600490	鹏欣资源	766296387	73598802	36131018	639000	20000	130000
600491	龙元建设	476439684	1869862	7349452	8400	0	0
600495	晋西车轴	283818917	4601481	2997978	266400	106400	9800
600497	驰宏锌锗	736020348	95437996	146649546	2060082	747982	295600
600498	烽火通信	1231115513	18226354	21886203	375349	5900	14200
600499	科达制造	639326942	41326150	14061221	95200	0	0
600500	中化国际	732414778	5962709	6932571	887068	163600	2100
600501	航天晨光	151840528	3764811	3730219	0	0	0
600502	安徽建工	335851540	1961345	4349181	2200	0	0
600503	华丽家族	569370607	10491734	9624663	108600	62100	0
600507	方大特钢	431635322	32261743	25534086	1014350	181100	10900
600508	上海能源	150122159	31688241	33883419	41800	10000	0
600509	天富能源	229401722	34765339	41776041	137500	0	0
600510	黑牡丹	223099074	1763978	2421149	3000	200	0
600511	国药股份	1446078028	223792852	199677050	315510	102100	84090
600512	腾达建设	244404526	7551064	6999988	140000	140000	0
600515	海航基础	976679545	8504296	26537663	904942	232400	5700
600516	方大炭素	1452524654	99037382	80841170	1422558	463781	137800
600517	国网英大	409979188	4373310	9239768	365691	117691	1000
600519	贵州茅台	18021361307	509755348	613370530	1689951	28052	32162
600521	华海药业	447403084	44770259	17910267	471809	12800	27700
600522	中天科技	1730895136	17131611	24456502	1876058	486500	4000
600523	贵航股份	538116367	6711961	7269912	9244	500	1200
600525	长园集团	536511880	4117621	13636326	9200	3100	0
600528	中铁工业	624782925	16027152	8297571	1165997	183800	0
600529	山东药玻	1439620299	156037900	167800291	532994	92394	42800
600531	豫光金铅	301227873	28081959	46233508	815897	0	181000
600532	宏达矿业	210770837	702092	1010353	69800	0	0
600533	栖霞建设	144564013	3764118	4098227	3200	0	0
600535	天士力	1092504168	20947093	20647760	657595	133000	600
600536	中国软件	2539299753	72816723	78818658	143825	15800	24300
600537	亿晶光电	312254077	21449353	13069383	0	0	5000
600543	莫高股份	213606873	43026254	54176455	141987	9200	26400
600545	卓郎智能	370951011	14441970	8059492	1146379	184500	67300
600546	山煤国际	578471039	158939309	156013319	490100	176800	0
600547	山东黄金	2388281938	59627431	73255035	290024	44700	100449
600548	深高速	77054039	6537467	3666173	38500	0	0
600549	厦门钨业	1122729091	404193448	277214923	811012	267210	16800
600550	保变电气	99014591	4313198	2050068	0	0	0
600551	时代出版	202491217	1754420	631158	159924	0	0
600552	凯盛科技	480344588	18704919	12119433	75700	0	10000
600557	康缘药业	198993967	2192475	1950944	98000	0	100
600559	老白干酒	1348012129	444927907	366523739	341160	6000	33418
600562	国睿科技	315622931	13726112	8172082	499800	110500	41200
600563	法拉电子	238086917	21028065	24133080	94565	34564	5199
600565	迪马股份	236283825	4594350	8596473	609400	0	1500
600566	济川药业	348892806	3867130	5926068	4382008	49800	54600
600567	山鹰国际	583337175	6144966	11324835	1985424	386100	5600
600569	安阳钢铁	91814689	14779413	15097859	0	0	200000
600570	恒生电子	2304411238	50755232	57414871	395541	21200	18300
600571	信雅达	213760945	2886754	3729706	8000	0	0
600572	康恩贝	689862230	5132281	7006587	1351032	228100	2100
600575	淮河能源	427907151	15499467	13952368	1226700	264600	0
600577	精达股份	228643241	3076178	4996540	0	0	0
600578	京能电力	247316479	1463638	2029431	240900	240900	0
600580	卧龙电驱	1084082514	99765973	131134909	606160	151700	116700
600581	八一钢铁	193255610	10944881	20934891	556900	455000	0
600582	天地科技	383738297	8088840	11144481	1435400	225700	20000
600583	海油工程	460173172	2750197	6034429	165500	30400	0
600584	长电科技	2351014887	191436670	208101480	5815870	686293	359905
600585	海螺水泥	3455222682	100578411	218804041	5086914	43700	66600
600587	新华医疗	382310469	5501070	6390271	1000	0	200
600588	用友网络	3496054474	34469448	36405987	976182	25170	27300
600590	泰豪科技	208755091	3883577	3919338	0	0	0
600592	龙溪股份	407028239	2298473	2281366	8400	0	1000
600594	益佰制药	362576744	3556325	2621459	80500	0	0
600596	新安股份	1054157918	109387206	173556029	5500	0	0
600597	光明乳业	573195357	63323748	40989286	420518	125100	35100
600598	北大荒	691225714	41277446	38358127	943928	388828	90200
600600	青岛啤酒	626073581	52211186	80956853	83400	8600	11300
600601	方正科技	804377857	4861019	8897299	0	0	0
600602	云赛智联	235716506	1533004	2104307	523	0	8400
600604	市北高新	429844439	1829795	4887948	96300	0	0
600606	绿地控股	2096132468	15108306	19974593	1242700	55600	5900
600609	金杯汽车	552407283	32096196	21672093	10000	0	45500
600611	大众交通	302718527	1343174	2550894	11500	0	0
600612	老凤祥	114773217	5331373	2623326	1000	0	0
600616	金枫酒业	256854246	100729163	85550605	9960	0	0
600617	国新能源	54523101	1331480	1621495	0	0	5500
600618	氯碱化工	126371991	2955519	4330685	1069	0	3900
600620	天宸股份	227758756	1928554	2364779	6500	0	0
600621	华鑫股份	995777581	150129101	158259375	881483	63000	207500
600622	光大嘉宝	217883456	1283768	1347156	0	0	0
600623	华谊集团	183281665	7837978	5728866	494100	84400	9000
600624	复旦复华	364163258	4946970	4215339	64100	0	30000
600626	申达股份	286720793	3705597	2167019	2300	0	0
600633	浙数文化	594641406	4130000	7128603	792682	124700	800
600635	大众公用	652837005	10636402	7816173	6100	0	0
600636	国新文化	303236494	6302272	2844496	3000	0	0
600637	东方明珠	992884271	6221804	16600254	944343	25500	29333
600639	浦东金桥	149541280	3879643	3821413	327066	53900	3600
600640	号百控股	401893877	3287363	4327255	165704	56700	4400
600641	万业企业	802631496	27647094	25319863	4714	0	0
600642	申能股份	267284380	4755589	4400993	1854200	332600	1447
600643	爱建集团	612401257	5959717	8599569	549856	106100	1100
600645	中源协和	943187958	8985503	10333103	184400	57800	500
600648	外高桥	949934897	7910626	4056184	464834	54100	20700
600649	城投控股	1106448139	4912960	4834122	910478	230233	7700
600653	申华控股	169626201	1131223	1087915	0	0	0
600655	豫园股份	380368511	11464784	6363696	763372	0	0
600657	信达地产	138499412	2732621	2247885	413313	102900	1300
600660	福耀玻璃	1207299714	74293691	40128235	1284217	90800	104800
600661	昂立教育	567303217	119916	136547	0	0	0
600662	强生控股	434501170	2274173	4868718	2600	0	0
600663	陆家嘴	193823792	758107	901415	12416	0	0
600664	哈药股份	367219222	9083283	3874883	867291	187000	100
600667	太极实业	1034442330	11587260	20604573	3282945	373700	22200
600668	尖峰集团	633952023	18066738	9396001	2800	2100	0
600673	东阳光	892837051	11986178	17419735	638275	182700	27000
600674	川投能源	741135415	2303790	3755810	199300	3500	0
600675	中华企业	402284835	514666	527727	963917	242300	0
600676	交运股份	188813050	2894977	1517505	2689400	0	0
600681	百川能源	73169002	3844139	3672436	91300	0	0
600684	珠江实业	274956015	765333	1234209	3300	0	0
600685	中船防务	433424114	10999682	11811059	155700	0	15844
600686	金龙汽车	243830728	23687665	33452591	3900	3900	0
600688	上海石化	236540595	3567277	5519164	134900	0	17000
600690	海尔智家	1099770408	55749043	77033360	4824451	148700	110500
600691	阳煤化工	95046451	6170533	5187760	0	0	0
600692	亚通股份	295698929	8381693	9298696	0	0	0
600694	大商股份	634848674	7089767	5434582	128670	5800	600
600695	绿庭投资	128840676	4813091	3445241	10000	0	0
600699	均胜电子	1121966460	59522289	60062722	1061924	271400	16800
600703	三安光电	4201006978	382741411	340724555	1592603	243400	481300
600704	物产中大	595585504	13797237	26420897	1944937	326637	76500
600705	中航资本	1478541201	17207332	22159374	2707821	10000	224225
600707	彩虹股份	447876312	124866848	164048446	574800	205600	0
600708	光明地产	155632180	1486446	758376	27300	0	0
600710	苏美达	160398687	7529051	3554693	1072300	0	0
600711	盛屯矿业	1546280532	740307466	624677544	27000	2000	0
600716	凤凰股份	220202879	7718499	9145051	6000	0	0
600717	天津港	280826268	2385611	3840609	931055	162536	800
600718	东软集团	1144852448	7406139	7912731	912756	145700	2000
600720	祁连山	894389349	26674617	32545578	265480	19100	42600
600722	金牛化工	161465920	11464138	13913073	86000	0	0
600728	佳都科技	1419131659	6796478	8405956	1082158	219476	3900
600729	重庆百货	466655691	4045238	5725882	201742	35700	3500
600730	中国高科	212707060	948460	1496237	4000	0	0
600733	北汽蓝谷	617615904	53182123	66379338	7054937	1618263	851100
600736	苏州高新	171812864	1530716	2550377	0	0	0
600737	中粮糖业	918443003	37946898	51567247	921679	179400	17500
600739	辽宁成大	2641409571	78246794	131854882	788205	243600	149575
600740	山西焦化	447400783	45069637	51604891	1862850	370400	246445
600741	华域汽车	359749492	24393653	29167140	620168	32900	32100
600742	一汽富维	511041279	7700489	8555524	2400	0	0
600743	华远地产	208610617	3315608	3935095	0	0	0
600744	华银电力	186058669	35135091	33735423	1500	0	0
600745	闻泰科技	4314949521	408388819	236304677	1763743	54400	59300
600748	上实发展	469146029	3474760	2974230	658097	116600	1600
600750	江中药业	365813452	7922223	13952091	1600	0	0
600751	海航科技	451958439	5809673	5648712	195300	4500	30900
600754	锦江酒店	52410109	12043549	33965904	151890	62250	6500
600755	厦门国贸	841792570	9081864	12353830	1991244	167700	79714
600756	浪潮软件	656143143	10755849	18327051	1468417	8100	0
600757	长江传媒	301326202	5366337	5703708	170800	14200	1400
600759	洲际油气	253564567	4109110	4839331	156100	0	0
600760	中航沈飞	1215657118	205416243	142950932	762247	89600	98800
600761	安徽合力	236696934	10337506	7823862	4000	3900	0
600763	通策医疗	1264666712	54771631	36767853	128173	5800	1500
600764	中国海防	547676932	21352439	15305177	53600	25000	14600
600765	中航重机	574803703	42299858	45458382	467012	129537	20700
600766	园城黄金	51317008	1740744	6627137	0	0	0
600770	综艺股份	428670666	7312905	5028769	201550	7000	8500
600771	广誉远	515733573	41278476	29209154	33200	3200	36200
600773	西藏城投	329436463	21747369	18642221	2100	0	0
600775	南京熊猫	275685623	5292538	2833994	54500	29000	0
600776	东方通信	332931332	2927859	8005025	476374	104800	6600
600777	新潮能源	478174521	10686566	11040425	630800	100	0
600779	水井坊	625081769	97913532	88559184	132125	51900	14500
600782	新钢股份	371075044	20971867	56189402	1550882	219200	84200
600783	鲁信创投	598452836	8626876	8214360	66900	0	20000
600787	中储股份	318930163	3020820	3778059	806100	154100	3600
600789	鲁抗医药	441890289	7106206	13751191	287600	0	10000
600790	轻纺城	296540941	6608869	8913659	0	0	0
600795	国电电力	492728852	22390881	20075090	23358979	1272000	2403100
600797	浙大网新	865784057	4837961	6536431	50800	1500	0
600798	宁波海运	165776332	60295013	25726465	100000	100000	0
600800	天津磁卡	209043478	4102656	5045054	25000	25000	0
600801	华新水泥	931379289	29014667	25036606	407336	93000	28000
600802	福建水泥	292246401	3978247	6134619	25200	0	4400
600803	新奥股份	240311152	21037099	8035016	56875	0	0
600804	鹏博士	1073904933	6756689	9446719	1364663	330100	9400
600805	悦达投资	245610703	13285033	11974307	5000	2000	0
600808	马钢股份	434254002	6238995	15966767	1938800	316200	20900
600809	山西汾酒	899926303	209013673	198821305	2749060	122273	104700
600810	神马股份	260511132	8467757	8575892	0	0	0
600811	东方集团	1459265627	21292335	13560798	2114345	601600	17200
600812	华北制药	606530661	55887783	53983317	407500	78500	118500
600820	隧道股份	569059415	5883641	7390612	1541396	239000	1500
600822	上海物贸	128842092	11411292	7972092	100	0	34300
600823	世茂股份	174055020	1947051	3552370	656380	148800	20200
600825	新华传媒	356434749	4606687	3740106	37400	4000	0
600826	兰生股份	224326598	646908	762241	0	0	0
600827	百联股份	977394806	23522041	22588303	610058	132500	27600
600830	香溢融通	289608961	1792223	1849515	0	0	0
600831	广电网络	314005259	2310819	4726982	45025	0	36500
600835	上海机电	265395203	7779166	7269338	276360	53561	1500
600837	海通证券	6400847602	107441822	90762974	228201959	246100	1342700
600838	上海九百	258751815	2298920	2634910	5018	0	0
600839	四川长虹	1084382931	16275117	15554301	3744240	881700	34800
600845	宝信软件	257179403	11155424	15817038	203716	10300	5000
600846	同济科技	381494257	1878297	2120037	5100	5100	0
600848	上海临港	290627338	1456234	5815287	207415	0	13200
600850	华东电脑	499860444	4185380	7160437	4000	4000	0
600851	海欣股份	253897844	14522730	12997041	3000	0	0
600855	航天长峰	327124216	35176577	38897268	31718	800	1100
600859	王府井	1233748453	97924543	51584968	308338	108500	16500
600862	中航高科	347059211	34659023	32035986	917141	143300	47900
600863	内蒙华电	329771132	9078340	6948645	1718225	271100	0
600864	哈投股份	538006996	258213215	261292725	586000	57500	0
600867	通化东宝	1503085185	20046568	15044216	873700	195700	87500
600868	梅雁吉祥	377976349	27263289	18472342	204000	0	463000
600869	智慧能源	194858279	2718531	4676187	836800	170100	300
600871	石化油服	127903051	20478802	28283622	1396000	450100	28900
600872	中炬高新	516292955	210941376	118644717	52632	7600	36000
600873	梅花生物	931502431	9734094	10576316	176400	0	10600
600874	创业环保	263873725	1331805	3453684	151100	0	6600
600875	东方电气	964613715	14153309	22966199	1053071	233900	4700
600879	航天电子	1123961384	39028101	29986195	11314852	414400	7100
600880	博瑞传播	333005890	7769984	6013610	300	0	3400
600881	亚泰集团	579334194	4857634	6305887	2042156	581400	2600
600884	杉杉股份	978024873	145970144	133028971	1631798	289686	69500
600885	宏发股份	148713173	25232864	18889117	372773	119300	78800
600886	国投电力	1002087022	19392949	11761753	12770892	0	14400
600887	伊利股份	2344178019	171373168	235508346	18340173	65800	286300
600888	新疆众和	282379198	35147743	24543291	76241	300	0
600893	航发动力	2408793084	125020338	209095861	3109322	43500	237351
600894	广日股份	276064543	9109770	8219083	6500	3500	0
600895	张江高科	1051647377	26465533	18818250	687504	127500	500
600897	厦门空港	103799813	1207899	2402716	0	0	0
600900	长江电力	2647056037	36355774	52695786	169502019	2334700	1403800
600901	江苏租赁	655190619	5201043	3279235	694475	154700	2600
600903	贵州燃气	183692096	65616073	90237492	262208	88500	43500
600909	华安证券	1197872241	19980563	28232285	2677300	290700	52200
600917	重庆燃气	35111089	2027274	2756301	156400	28600	4200
600918	中泰证券	817801738	211053624	249871792	734932	224132	47000
600919	江苏银行	1525393873	45531498	42412094	23924094	169000	0
600926	杭州银行	782013813	26787516	24751337	11665589	27640	35200
600928	西安银行	313232286	21623928	22613163	664541	169841	153500
600929	雪天盐业	169983817	2748926	6508157	83700	53700	0
600936	广西广电	53012870	683394	306261	38574	23600	0
600958	东方证券	1854975147	36911601	52904485	30243675	104200	384300
600959	江苏有线	201461512	5804539	5675041	1349860	250770	24600
600963	岳阳林纸	252905966	3864095	4005618	9500	0	0
600965	福成股份	75096033	9041850	7121518	1000	1000	0
600966	博汇纸业	277928707	10666470	5975544	0	0	2000
600967	内蒙一机	789173027	12268869	19059924	786294	116000	4000
600968	海油发展	341194605	13316392	14070161	1015300	291500	44700
600970	中材国际	1062034228	24389864	16737823	645520	186500	0
600971	恒源煤电	343716638	22934134	26161713	1941280	190000	200
600975	新五丰	288564320	16391993	26627590	6800	100	8900
600976	健民集团	305286585	15165127	2040800	0	0	0
600977	中国电影	407623287	16124809	17765967	76142	4500	0
600986	科达股份	336026467	4763486	6354789	1500	0	0
600987	航民股份	183834852	1982388	2676097	0	0	0
600988	赤峰黄金	1358666775	80863378	104073251	8500	0	0
600990	四创电子	429243761	10566775	9626623	43751	0	0
600993	马应龙	552553340	22007147	35061238	29200	0	0
600996	贵广网络	108419830	2410419	2329579	759999	0	6900
600997	开滦股份	188955691	47587911	33937676	1665323	155300	0
600998	九州通	920762000	5438693	4986436	218031	60100	15100
600999	招商证券	1992494659	75213584	69710819	2100757	52494	95897
601000	唐山港	294789963	7003315	17340957	1702332	365300	33500
601001	大同煤业	314037395	64543678	68019384	792500	138900	2800
601002	晋亿实业	273527519	5330432	5998138	128300	98000	7700
601003	柳钢股份	57648796	9753966	8509755	1153300	80500	2800
601005	重庆钢铁	122404265	14703598	15573965	3638200	1236500	4600
601006	大秦铁路	1491883783	21016272	13627922	2222242	1400	58500
601008	连云港	74370637	5993543	6253141	130000	0	40000
601009	南京银行	1437502362	23695964	30378151	2909786	57000	20300
601010	文峰股份	86712216	920502	1488210	0	0	0
601011	宝泰隆	240017124	29459540	32815175	333100	60000	113500
601012	隆基股份	5698949506	478087911	445526723	4230953	99500	90600
601015	陕西黑猫	143736654	57849641	50128929	361000	0	0
601016	节能风电	324167226	18189409	13309209	1269900	304400	0
601018	宁波港	269043431	6446189	8079118	671700	0	93900
601020	华钰矿业	322268183	14756396	13378585	2500	2500	0
601021	春秋航空	384593206	14243870	16958742	350935	20075	34700
601038	一拖股份	133647732	6921134	7519235	112300	36000	800
601058	赛轮轮胎	298049014	17806867	11228426	32100	0	0
601066	中信建投	2973588572	97600273	108425961	3446359	71800	241975
601069	西部黄金	242808490	3097684	4514926	0	0	0
601088	中国神华	1558739692	202919476	133888853	1332475	481100	211300
601098	中南传媒	219147429	3884724	2829851	743818	102300	500
601099	太平洋	2442836661	44410437	66810813	8468446	1248981	1417700
601100	恒立液压	235632532	41434497	35231757	205381	24500	32900
601101	昊华能源	208329585	29145675	19421271	116100	1400	0
601106	中国一重	352754332	12804886	7035629	1687000	350900	500
601107	四川成渝	77403580	550237	1403944	5200	0	0
601108	财通证券	3724957267	111321159	123695424	11018302	284300	408600
601111	中国国航	777462515	24907174	30490347	1350639	39200	113200
601116	三江购物	88679689	918428	705391	0	0	0
601117	中国化学	797738693	31288872	26427855	512101	249000	25900
601118	海南橡胶	954481112	24430358	15543261	939399	242900	4900
601126	四方股份	195080670	5985756	8185937	0	0	0
601127	小康股份	282928847	83850155	117482067	260524	51307	14900
601128	常熟银行	433885759	11951430	31928420	9332151	415700	11700
601137	博威合金	270538892	6956385	9041436	5842	4800	1000
601138	工业富联	1345170549	13071410	24113178	831713	0	2100
601139	深圳燃气	176596739	11423725	15101191	672925	196800	34000
601155	新城控股	2289311855	43443957	19139835	1288711	6000	6000
601158	重庆水务	151150567	906745	1480409	0	0	0
601162	天风证券	1705809942	62326253	73487054	4159710	5400	117600
601163	三角轮胎	251510933	7947235	8861719	100	0	1900
601166	兴业银行	11084251995	227618088	168182300	134001579	481500	852440
601168	西部矿业	1465612015	142808198	175746702	4633848	433800	44100
601169	北京银行	2177785624	35723643	36908893	57239342	0	87800
601179	中国西电	490385788	7325524	9745041	1952678	311500	6900
601186	中国铁建	2351212360	68811245	52354521	1059487	492100	242000
601198	东兴证券	886366405	11255495	22084292	987768	7600	55700
601199	江南水务	95813668	813917	892197	0	0	0
601211	国泰君安	3657302381	69019494	58815534	74684647	952177	379100
601212	白银有色	335122250	22292139	17921338	52100	0	0
601216	君正集团	818866641	22109557	31205934	3733300	98300	258700
601218	吉鑫科技	255158445	5118138	13017286	6000	0	0
601222	林洋能源	375892310	40980506	19897711	7000	7000	0
601225	陕西煤业	1706499620	153616638	122456769	3526737	180900	200100
601228	广州港	118894433	2301871	3847760	1329815	156500	1900
601229	上海银行	704016397	7994909	9531225	30570025	1502563	3700
601231	环旭电子	626239205	7680862	16603812	459944	49300	4600
601233	桐昆股份	1396156605	123189486	100504366	2788127	315889	174872
601236	红塔证券	637083328	17971538	27044382	572593	71300	41200
601238	广汽集团	863041564	132006548	87662100	3039222	767000	267248
601288	农业银行	4258102504	86938205	84899392	64381300	600	10900
601298	青岛港	154752651	8013330	11443549	343800	94500	0
601311	骆驼股份	484058291	43030541	35720819	39875	3000	1300
601318	中国平安	21012140755	563425332	558935931	29002245	907304	512164
601319	中国人保	1210638963	47049972	84389441	1828884	0	53900
601326	秦港股份	101533460	1849396	1227183	47900	0	0
601328	交通银行	3250572464	53545161	51503160	169547350	4000	152000
601333	广深铁路	513927797	4770862	2498330	3195800	414200	43900
601336	新华保险	1553621481	71843796	57403870	633888	8200	68100
601339	百隆东方	93286893	3003344	8072894	10000	0	0
601360	三六零	1176782863	74225906	67101944	3014681	55200	96100
601369	陕鼓动力	355009914	1733274	2398689	100	0	0
601375	中原证券	536002082	11133841	12772908	10768986	1000	4000
601377	兴业证券	3719032329	52859493	82943775	4695548	113100	476800
601388	怡球资源	329612730	28925445	35080937	200	0	0
601390	中国中铁	1449209645	38295624	62437597	2058170	966000	343900
601398	工商银行	3997563575	89258910	75995355	61134800	128000	2857000
601515	东风股份	246899386	2669846	3487994	2000	0	0
601519	大智慧	756525085	16459562	38066753	0	0	45000
601555	东吴证券	2362133750	25366242	28834169	13729300	32800	23250
601566	九牧王	178368363	4144668	9658311	6900	1800	0
601567	三星医疗	237055182	5929852	10310775	3000	0	4000
601577	长沙银行	616817792	12138216	19390989	608711	0	11400
601588	北辰实业	209860210	5090826	4338839	34000	0	0
601598	中国外运	246110743	10704724	18037170	803117	260700	4800
601600	中国铝业	1675803241	93681501	103792092	3555755	217200	1280500
601601	中国太保	1802737196	100463343	95283357	2477990	92900	218682
601606	长城军工	220281946	4598403	6296715	66800	0	30000
601607	上海医药	1124868520	15052392	16977304	755846	5200	3500
601608	中信重工	330041297	7394775	3313322	1270206	229900	800
601611	中国核建	324419512	12636669	13378827	663700	169300	1900
601615	明阳智能	860692879	114130709	115380057	949769	314755	166711
601618	中国中冶	1040201512	200706989	95632368	4330994	2083794	429600
601628	中国人寿	1512533985	72126360	128918497	847522	109000	94500
601633	长城汽车	524534105	257806883	119306770	5253018	1654523	907700
601636	旗滨集团	723305653	71720534	97561263	362413	69300	274900
601658	邮储银行	369054000	13269933	14373130	1608058	0	0
601666	平煤股份	389363799	32121133	20988890	3385680	44000	0
601668	中国建筑	5813190320	132113405	191642400	11138488	1651000	81300
601669	中国电建	1330870043	49017393	67441795	2923300	796800	552900
601678	滨化股份	687009653	15040464	17096448	213072	0	2300
601688	华泰证券	5567164960	140949064	132033201	20238384	151396	1509700
601689	拓普集团	257032768	12722961	24875823	582078	85000	26711
601696	中银证券	759161262	50544024	79250128	288800	135600	42100
601698	中国卫通	410142029	6649049	22135475	244156	7600	2200
601699	潞安环能	547869460	51754667	81948878	1100059	372347	83800
601700	风范股份	87363525	806538	2136722	47400	0	0
601717	郑煤机	706279539	69512076	41468771	879206	178400	47100
601718	际华集团	608178098	11582792	15556006	1303423	296600	1100
601727	上海电气	900070943	27870284	41911935	47889202	533100	35300
601766	中国中车	2231230278	36986257	32048646	3115020	881000	50400
601788	光大证券	3142356807	158874400	129994270	1734346	313900	464193
601789	宁波建工	256554768	3301904	2421386	0	0	0
601799	星宇股份	23528767	2807648	5504176	48854	30254	400
601800	中国交建	1105035180	37814434	33347638	2355716	179300	94600
601801	皖新传媒	275018822	4128180	3429280	588121	71221	600
601808	中海油服	242893597	12210570	9297976	242243	5500	1500
601816	京沪高铁	611189198	11255571	16429605	411000	8000	600
601818	光大银行	1579905710	53696094	51173106	54191300	839000	1931700
601828	美凯龙	123658374	1825217	1716546	297180	47900	3100
601838	成都银行	440818697	35585770	30412594	9386634	577703	119900
601857	中国石油	1840748388	34347946	46299760	5417100	56800	437100
601858	中国科传	158096781	1917580	3624594	0	0	0
601860	紫金银行	413430567	33957309	36394649	1326100	238800	95500
601865	福莱特	480093109	50812770	63797690	357486	43400	14600
601866	中远海发	740721762	27942637	24376895	3883900	645500	216000
601869	长飞光纤	129920570	1309864	2227670	126344	27700	0
601872	招商轮船	868093017	11283975	22120833	1017290	0	236800
601877	正泰电器	811194946	136825495	97830003	3270770	47745	25900
601878	浙商证券	2396468603	70116323	80086984	2691838	378900	930150
601880	大连港	190888834	1678590	2161292	1509050	426950	2300
601881	中国银河	1692454080	35268136	34599841	1124095	31300	132900
601886	江河集团	395911394	4878363	3492504	0	0	1600
601888	中国中免	3191267706	253448725	153151515	724375	8700	10900
601890	亚星锚链	167292869	16301853	20726443	60000	20000	90000
601898	中煤能源	412567009	30509223	33250688	499362	22300	5200
601899	紫金矿业	2666224158	420902726	321599948	19363930	2086000	2000950
601900	南方传媒	103019054	2503222	1497770	0	0	0
601901	方正证券	1157188575	23214403	20087314	15664331	57545	27900
601908	京运通	644116699	114196526	95114200	212700	7200	0
601918	新集能源	280861019	52909774	60005011	472318	0	8000
601919	中远海控	1707568051	144657747	101304524	4113762	137500	987100
601928	凤凰传媒	221122602	3451222	4649962	599200	99100	200
601929	吉视传媒	313557546	10127964	6576263	1307200	140400	10000
601933	永辉超市	2014049109	25867993	35123174	3373806	0	302200
601939	建设银行	1703947642	51551612	43491485	32854748	619400	1264600
601949	中国出版	121084144	2503949	3051459	0	0	0
601952	苏垦农发	371933665	25133515	28220861	32500	0	0
601958	金钼股份	369696950	33938293	16930397	4846611	157300	148613
601965	中国汽研	175327854	15926548	19996962	2000	0	2700
601966	玲珑轮胎	179336605	17775770	16065210	559012	107033	11796
601969	海南矿业	98233233	22286531	12218946	198200	78600	8000
601975	招商南油	416203715	13788008	14060485	1578100	417500	0
601985	中国核电	879647320	59448487	46007877	5791373	907700	250500
601988	中国银行	2359496534	54259361	54632649	37992900	0	0
601989	中国重工	2374672598	32464720	42244105	18804236	3000	0
601990	南京证券	1584990891	42810758	36748691	108988103	15100	157400
601991	大唐发电	385535037	9722215	8238514	230900	90200	0
601992	金隅集团	782871241	5225758	5885804	1701100	538100	0
601996	丰林集团	247903895	9668640	5294130	5000	0	0
601997	贵阳银行	1523638868	27390615	36958227	914680	340100	11700
601998	中信银行	734900731	8843094	21666629	1511872	12300	1000
601999	出版传媒	144591553	1651927	3033876	0	0	0
603000	人民网	864393406	13384444	15482739	617972	81500	1800
603001	奥康国际	153665557	1441622	1441583	1000	0	0
603005	晶方科技	941811517	38552068	55041559	235865	53800	106295
603012	创力集团	260365251	3316241	3365795	2700	0	0
603018	华设集团	177155938	1576358	1043558	0	0	0
603019	中科曙光	2774236345	64258090	51920662	2135737	47400	27100
603025	大豪科技	111656962	0	11769231	461154	0	0
603026	石大胜华	944114829	65985111	80363390	63900	6000	0
603027	千禾味业	438905831	84945264	43902906	0	0	0
603032	德新交运	39237284	1018789	2036569	14000	0	0
603042	华脉科技	188039210	3122147	2825283	0	0	0
603045	福达合金	176780879	1614253	2237566	900	0	0
603077	和邦生物	276820871	11446352	15576677	2729400	612000	134300
603083	剑桥科技	281590367	9442392	7283400	185380	5000	25000
603085	天成自控	108013114	6000720	702547	13600	7700	600
603108	润达医疗	332830963	3495407	4296855	37500	1000	0
603113	金能科技	239047042	14062489	17441240	506700	0	0
603118	共进股份	421372452	2728678	4946449	36600	0	0
603127	昭衍新药	249817771	10632827	13031904	6139	0	0
603128	华贸物流	271198182	59507582	36922817	86000	64000	6400
603156	养元饮品	255002694	19308042	10350270	251890	22400	0
603160	汇顶科技	1764196932	56899903	57948846	104305	5200	8200
603167	渤海轮渡	265306626	14007714	12659311	93400	37300	0
603169	兰石重装	106939487	4450171	5571893	32000	0	0
603195	公牛集团	399128533	40493031	41642241	200	200	0
603198	迎驾贡酒	503051230	142840505	127708949	3245139	54600	49700
603220	中贝通信	199425929	8758936	9208676	0	0	0
603228	景旺电子	372533314	8402602	10158916	385890	54500	1700
603233	大参林	201384151	15276810	20663721	105010	15800	16266
603259	药明康德	1417472502	108072744	110643208	736217	43000	40100
603260	合盛硅业	284912123	31121707	25586065	51600	34000	9900
603288	海天味业	402642486	102304684	74701536	636548	4200	15100
603299	苏盐井神	176820669	26192460	25264146	224100	0	0
603318	派思股份	111989602	2411212	4615783	24500	0	0
603323	苏农银行	589110645	29035345	34250615	458400	0	50000
603328	依顿电子	260647850	8339404	3551490	559809	60760	1600
603329	上海雅仕	95641716	7885328	6628785	23000	4900	0
603338	浙江鼎力	128012726	13879111	6786514	241752	42329	1300
603345	安井食品	90824260	16177891	5857298	339911	11900	7307
603355	莱克电气	77614062	2184257	944489	59400	10100	3300
603363	傲农生物	244925633	4718027	6388126	8330	8300	1900
603368	柳药股份	330169369	7578134	4229912	24000	0	0
603369	今世缘	466516438	89733663	143136087	840757	83397	69171
603377	东方时尚	229945578	10921749	5274559	292102	40800	500
603379	三美股份	169579622	15863961	12313708	67900	38000	0
603387	基蛋生物	509622279	12029668	14421212	21200	2000	0
603393	新天然气	270737077	16954519	13962580	0	0	0
603399	吉翔股份	79844414	922170	2134620	0	0	0
603444	吉比特	322709921	33325406	27062066	14681	100	0
603456	九洲药业	104540354	15570553	9862600	18000	0	0
603501	韦尔股份	1401454957	116917141	92901364	388662	163221	14359
603505	金石资源	240247517	23546995	17353807	11903	6000	1300
603508	思维列控	148857341	928276	2461754	2232	800	1900
603515	欧普照明	62932398	5201180	7646210	821155	32600	1600
603517	绝味食品	138533848	10907838	9805989	79626	1787	1900
603559	中通国脉	232886044	4917067	5567448	32800	0	0
603567	珍宝岛	83109357	1984859	934085	0	0	0
603568	伟明环保	168895765	2474122	4599769	605735	52900	300
603588	高能环境	360528928	15989980	12701783	0	0	3000
603589	口子窖	422839242	95507487	89851718	140677	77800	14700
603599	广信股份	379897111	29341454	36607747	8100	2900	0
603601	再升科技	337036223	12491541	14116381	1100	0	0
603602	纵横通信	146302655	4915071	4120018	45750	0	0
603605	珀莱雅	258299905	32922557	18062496	4800	500	2600
603606	东方电缆	546926152	69332741	58450939	565608	80400	1000
603609	禾丰牧业	197186499	5003906	7057419	7800	5000	1800
603618	杭电股份	113276390	2318526	1490830	0	0	0
603636	南威软件	396365767	2527235	6602961	5700	0	0
603638	艾迪精密	562735448	3859761	5337944	41900	30300	6700
603658	安图生物	162863454	3724523	6508994	455901	300	1000
603659	璞泰来	449455600	78543281	83238862	326610	15500	81100
603660	苏州科达	297014617	3196939	3781352	52000	0	0
603678	火炬电子	453328804	34719079	29499822	901825	9600	4000
603681	永冠新材	97131676	2481059	2485795	0	0	0
603688	石英股份	326295781	27345115	21994738	17700	0	0
603696	安记食品	107739515	17980428	16305509	20000	0	21900
603698	航天工程	116006732	4223454	2131214	1000	0	0
603699	纽威股份	74179290	7142063	3278773	0	0	0
603707	健友股份	310938942	2919417	8193011	25210	200	1200
603708	家家悦	236048493	29416721	26205194	2134579	71363	12500
603712	七一二	220831841	3432123	3871297	226512	52100	3700
603718	海利生物	391190192	19511218	16061493	76300	2200	2100
603719	良品铺子	143513873	12091080	8042378	0	0	0
603737	三棵树	196368614	4736205	2927054	11200	9800	1800
603766	隆鑫通用	285289148	2581578	4601628	97700	0	1100
603776	永安行	236553587	5412263	5657999	13400	3000	0
603789	星光农机	81283809	194002	664277	0	0	0
603799	华友钴业	1964011126	378757000	308655526	1544384	516693	311438
603803	瑞斯康达	286329917	1715769	3407210	16000	0	0
603806	福斯特	170664839	16666673	16796758	87671	44100	13661
603816	顾家家居	97966081	14421354	6559177	111668	47300	3000
603833	欧派家居	289349082	5425159	4678788	150428	4300	12000
603858	步长制药	827648460	41042083	18872199	416600	117273	45600
603866	桃李面包	68825013	4000267	5275037	249861	61700	41000
603868	飞科电器	59563479	1333548	1862327	44389	0	200
603881	数据港	386599608	11624964	20620143	13800	2200	10000
603882	金域医学	271607530	20746038	23585757	156123	48923	9400
603883	老百姓	137679136	13362806	3229223	221901	28800	3800
603885	吉祥航空	199816668	4550112	20829912	503067	102600	69076
603888	新华网	310481115	6197732	6238719	158174	47400	200
603890	春秋电子	196300330	8040149	5166971	420	0	0
603899	晨光文具	97984329	8465110	6327834	100136	700	9500
603919	金徽酒	397298054	116642087	141120695	393680	5000	16200
603936	博敏电子	320093072	8478996	8439970	23000	3000	0
603939	益丰药房	253042037	123633189	18263060	110012	7800	10160
603959	百利科技	246506851	5416444	5720876	3621362	0	1400
603986	兆易创新	3186686988	207495591	235844370	213474	8100	13702
603989	艾华集团	131843381	20215550	10751466	29000	0	0
603993	洛阳钼业	1870939631	411574365	301643915	24639005	1136100	1387200
688001	华兴源创	70985847	3389988	541875	160829	0	0
688002	睿创微纳	297708541	19782137	11033601	1518316	103395	34710
688003	天准科技	127937762	2223241	4319360	1055202	12400	18274
688004	博汇科技	49572959	722408	1091551	123862	4902	3619
688005	容百科技	242386741	89088312	93337143	977473	419004	75170
688006	杭可科技	126012991	36174993	16995960	323055	152111	48325
688007	光峰科技	92643288	1219924	3417422	2314418	3771	1973
688008	澜起科技	404717667	21170897	31471829	15700	15700	0
688009	中国通号	434857900	5560454	5598167	41205282	1049600	1666
688010	福光股份	92125455	1605657	769196	298925	4200	2400
688011	新光光电	122155752	3825584	8962063	160148	19943	23454
688012	中微公司	524331602	24895396	31417690	865581	114068	45255
688013	天臣医疗	29496704	1614644	399951	301238	100	0
688015	交控科技	97090827	1807929	2052616	1033379	56710	5962
688016	心脉医疗	151166855	5647038	5069953	554855	38124	18553
688017	绿的谐波	40607678	7315436	9642704	193453	32326	21094
688018	乐鑫科技	149007513	4981776	6138875	151276	35200	9915
688019	安集科技	190652859	22225418	12705027	136663	59472	21143
688020	方邦股份	177327797	2401410	2562861	91997	1800	0
688021	奥福环保	66427678	3885403	735984	310164	63752	30670
688022	瀚川智能	70608851	4923831	7680101	314768	27000	20932
688023	安恒信息	250067950	8811932	4103042	147392	13717	6520
688025	杰普特	93664094	5706562	2793862	615483	2400	4548
688026	洁特生物	104841696	4179176	2190106	736339	69270	11000
688027	国盾量子	309468269	11193523	11563598	1128901	8163	12651
688028	沃尔德	74407574	1327318	1788780	156590	11900	8607
688029	南微医学	149317488	5019719	5166216	1063702	3813	1703
688030	山石网科	91553197	100440	1314601	962315	5502	871
688033	天宜上佳	123888422	3626625	2257370	1938100	0	0
688036	传音控股	255499703	23157651	13006144	2221887	210622	72027
688037	芯源微	115288893	4937137	6150354	286811	80215	166818
688039	当虹科技	68952597	989781	1052687	381765	1620	2128
688050	爱博医疗	322895163	14182826	5033004	68634	5331	32315
688051	佳华科技	118201599	2674714	1583426	74158	500	4206
688055	龙腾光电	148359981	4936189	10427093	2154532	73109	7379
688056	莱伯泰科	43987879	4809303	920137	207402	200	0
688057	金达莱	105651568	3284276	4907100	133522	0	0
688058	宝兰德	45645850	1487566	1925565	13000	0	0
688060	云涌科技	92581719	1326763	1099546	92504	300	527
688065	凯赛生物	204018981	3121466	4203982	127827	18400	8304
688066	航天宏图	126239536	2477312	3060319	392475	171183	10931
688068	热景生物	65532929	1270772	961780	364985	0	10800
688069	德林海	49602964	1427518	2843290	53688	2431	3200
688077	大地熊	46286160	1026256	1860538	373277	23549	59889
688078	龙软科技	30495183	241671	956577	435229	1600	1600
688080	映翰通	35066905	44150	457563	31733	2300	2720
688081	兴图新科	35346844	748138	799639	210030	1400	1200
688085	三友医疗	68186567	1908223	4799179	736319	14586	15232
688086	紫晶存储	199544199	3148231	8721106	263335	12775	9751
688088	虹软科技	217984838	15416895	15916173	1868931	57604	32453
688089	嘉必优	114908607	3504808	3159469	258355	2974	102644
688090	瑞松科技	69449100	661670	431384	160581	9000	12811
688093	世华科技	53422574	1279758	2095116	465468	7834	5200
688095	福昕软件	153545038	7383763	5831812	40337	7287	2000
688096	京源环保	36773187	237823	310725	357014	1800	0
688098	申联生物	47028773	817013	1796433	580960	139662	124479
688099	晶晨股份	67196288	7423876	7670318	417935	46001	39058
688100	威胜信息	54445379	378925	1409923	1482868	1197	12704
688101	三达膜	88999229	1687321	2587167	0	0	0
688106	金宏气体	319000870	6782383	6743714	533623	33119	33200
688108	赛诺医疗	121051817	1284369	1234688	1148587	5800	294119
688111	金山办公	758749538	35306690	37620114	1224608	61250	51077
688116	天奈科技	148123153	23171732	13815764	2043175	426051	47493
688118	普元信息	54233936	631631	1630822	328861	0	0
688122	西部超导	206414820	25754857	17501442	1809900	0	0
688123	聚辰股份	140523408	5069445	4245424	681129	9858	16462
688126	沪硅产业	721052799	27447334	35176221	17927555	258768	471302
688127	蓝特光学	62289604	6673741	7415365	661858	47986	28478
688128	中国电研	77670760	515696	1421183	551185	6439	1198
688129	东来技术	34195314	838919	1151544	293493	58	158300
688133	泰坦科技	46837468	10505628	7788230	759882	13201	32661
688135	利扬芯片	85914453	17796378	21023478	168864	10900	0
688136	科兴制药	115095425	45090342	33337628	0	0	0
688138	清溢光电	83035277	7288457	5930323	786996	252400	30174
688139	海尔生物	191107264	6852313	8696098	2012958	18990	51972
688155	先惠技术	171170372	2101050	6693820	186136	5468	23489
688156	路德环境	24354678	316677	1445753	25320	3700	0
688157	松井股份	93288693	1410246	1940435	200768	3233	28177
688158	优刻得	153355517	954672	1527034	1134432	12119	28694
688159	有方科技	53145920	997036	976532	284740	4400	2551
688160	步科股份	66389069	6084268	3979569	57808	1023	0
688165	埃夫特	85833726	1160168	1583402	627665	0	11200
688166	博瑞医药	68388095	3579450	2056081	421508	4287	12593
688168	安博通	74617461	1277884	775967	570113	8075	30395
688169	石头科技	250382608	30271379	17221535	226323	2564	2000
688177	百奥泰	152530789	2618802	1878462	545594	118800	13600
688178	万德斯	48292577	2374955	624172	234827	600	5200
688179	阿拉丁	41927385	6038710	7030575	0	0	0
688180	君实生物	340577666	19903663	11971721	1153986	67783	71463
688181	八亿时空	84334904	4251454	3493925	506847	74840	16049
688185	康希诺	399947521	42699488	45145405	285699	28802	92482
688186	广大特材	84397862	1510677	2604233	502032	12416	9106
688188	柏楚电子	61779379	6391103	8001043	508548	6126	4300
688189	南新制药	127416414	12375971	19196526	0	0	0
688196	卓越新能	169540528	8830211	11443580	328476	12815	5489
688198	佰仁医疗	91419057	554486	956677	158092	36610	5791
688199	久日新材	190580518	5380862	4476067	137939	9200	8800
688200	华峰测控	153375898	25786231	19176280	306031	9539	54405
688202	美迪西	110590911	5173483	5473026	172222	6639	23700
688208	道通科技	103629268	3926047	6926902	1177567	1812	11200
688215	瑞晟智能	27449062	1671865	1283170	154485	0	0
688218	江苏北人	28713215	971482	1842076	368132	4400	5748
688219	会通股份	60792221	7919392	5718199	180000	0	0
688221	前沿生物	74077183	4184761	1952392	0	0	0
688222	成都先导	90927133	10549461	23777118	1040860	8110	30557
688228	开普云	51266039	576340	843971	0	0	0
688229	博睿数据	55222300	6036961	2672539	93934	5751	14431
688233	神工股份	102401972	2744657	2422491	256750	1600	6200
688256	寒武纪	316504355	11004420	7803904	2283593	16432	30324
688258	卓易信息	124585476	2030623	2434957	116209	63289	0
688266	泽璟制药	220360611	9327978	15236963	947900	64321	56850
688268	华特气体	151715228	5176824	2922823	290830	5410	7826
688277	天智航	112775174	2058436	5433217	254227	10365	48792
688278	特宝生物	54910042	2168471	2656619	0	0	0
688286	敏芯股份	201556205	11099763	17243924	155119	18228	16038
688288	鸿泉物联	68421586	1593066	1612380	445547	0	0
688289	圣湘生物	208841363	7359460	9725041	20000	0	0
688298	东方生物	376035720	26895070	12564664	366020	115070	136681
688299	长阳科技	110069840	4140852	3695974	569521	1000	20100
688300	联瑞新材	129162038	3283743	1347301	255545	0	500
688301	奕瑞科技	51618692	4373689	9285287	104754	14378	11741
688308	欧科亿	29102642	5571727	4977638	473010	1688	63753
688309	恒誉环保	52766605	713952	443547	193194	4800	0
688310	迈得医疗	44025888	292218	747645	123224	1200	11304
688311	盟升电子	169642414	11599047	18241287	186155	29562	23854
688312	燕麦科技	57441272	1616559	751975	130274	0	5574
688313	仕佳光子	43959458	2817590	5155661	400432	50562	29336
688318	财富趋势	371010144	11119845	10337925	122964	2600	22281
688321	微芯生物	271272623	7467498	4489093	1428953	123826	31760
688330	宏力达	130676254	4914231	6347219	99399	7900	3600
688333	铂力特	212500697	4620736	9717646	1267600	0	0
688335	复洁环保	50394257	582928	398116	71457	3000	1538
688336	三生国健	93789402	909272	1304438	252579	3200	17400
688338	赛科希德	58338848	757387	3062285	192506	5702	4500
688339	亿华通	166216987	21902836	23052967	776067	18559	18015
688356	键凯科技	35919848	2180497	4175714	34147	4300	13700
688357	建龙微纳	77436269	1491904	1538260	347433	0	0
688358	祥生医疗	65488558	114266	793134	0	0	0
688360	德马科技	47249236	735215	1971705	51347	200	5004
688363	华熙生物	514300407	34902809	27924049	238496	50895	42929
688365	光云科技	69790228	1487134	7715073	946258	885	1300
688366	昊海生科	116465748	7052669	8860176	0	0	0
688368	晶丰明源	26481188	628110	988282	142623	4805	13275
688369	致远互联	65053812	1407878	1253777	122624	2997	11000
688377	迪威尔	39234965	573842	1355275	321999	0	2000
688378	奥来德	69809863	1687693	1779655	36863	200	0
688379	华光新材	31315392	767071	1506017	115950	11000	8577
688386	泛亚微透	45995463	4866014	2263732	127705	13393	13163
688388	嘉元科技	136535382	23129486	28403085	383222	81851	66749
688389	普门科技	52819588	2407815	1660253	636539	400	14686
688390	固德威	80420091	21135577	18844532	119841	10031	14512
688393	安必平	52933412	1153179	3472746	123700	0	0
688396	华润微	723359649	72725692	108642753	4592199	327306	377656
688398	赛特新材	85482582	3877185	1854986	306250	5611	11048
688399	硕世生物	191464752	8457815	15066690	384838	44628	46078
688408	中信博	85138030	3877262	13122139	1151376	87086	10912
688418	震有科技	94902434	1940194	1708786	661349	10447	5600
688466	金科环境	50486241	1112567	2201248	277416	0	0
688488	艾迪药业	96113721	2393253	2117035	236807	13014	13200
688500	慧辰资讯	60842213	970147	306717	162798	400	4279
688505	复旦张江	95197034	1252360	2346754	1905951	312600	0
688508	芯朋微	137988978	6569505	10574221	14020	5451	930
688510	航亚科技	233747099	54773608	46235888	9503422	567798	1621667
688513	苑东生物	88403376	1430760	4421246	92064	0	0
688516	奥特维	59983254	8245852	4557234	283624	20500	51467
688518	联赢激光	68209509	1066840	1078214	621568	50000	0
688519	南亚新材	57661900	1688013	3923168	264516	32416	15462
688520	神州细胞	105821822	1394055	2069701	1707454	150341	89514
688521	芯原股份	254568730	5120231	3473377	1092262	47923	16847
688526	科前生物	189391621	17199339	13472137	253198	2300	400
688528	秦川物联	50865166	650642	862937	287571	0	0
688529	豪森股份	77937484	4888564	5470307	197673	0	83098
688536	思瑞浦	114254016	15513880	21760015	75250	8237	14222
688550	瑞联新材	78280457	1980306	2323823	34628	800	0
688551	科威尔	47775504	6218924	3670809	296450	0	0
688555	泽达易盛	47064090	2034657	1310558	216560	2714	443
688556	高测股份	53989082	1114434	1238486	483925	0	21235
688557	兰剑智能	40024161	2948849	2624026	526789	2102	32802
688558	国盛智科	55487199	598518	742114	310869	4812	26013
688559	海目星	110708077	15639581	15344574	535003	74637	81013
688561	奇安信	755334532	18282076	18666485	281547	45312	51962
688566	吉贝尔	74072202	554969	1270532	0	0	0
688567	孚能科技	307403510	37217786	45636373	5611009	194450	184202
688568	中科星图	189917926	2521482	3568308	158446	0	3800
688569	铁科轨道	65057625	961769	1924206	24000	0	0
688571	杭华股份	38680546	14636189	10688253	1524685	68163	271435
688577	浙海德曼	21873910	244459	1308054	16151	2400	2800
688578	艾力斯	138704892	23683426	19568001	3909143	74407	446861
688579	山大地纬	27725405	511783	343220	694353	0	0
688580	伟思医疗	147630053	10869338	3332882	400	200	200
688585	上纬新材	38856587	1209158	2303702	264111	300	0
688586	江航装备	186032503	9623451	9896947	1195583	94994	134586
688588	凌志软件	64060087	859043	1291233	586326	0	11917
688589	力合微	64719586	907102	2211613	227719	1499	1419
688590	新致软件	39915989	5811907	10875998	1837265	8892	361403
688595	芯海科技	97884313	9113430	8343392	218944	3706	7773
688596	正帆科技	59930660	1178321	1210595	418529	5400	25214
688598	金博股份	347592417	15925579	20066774	620991	19097	14198
688599	天合光能	471046752	97692153	72449134	2555345	940758	434868
688600	皖仪科技	38424304	193997	626365	140840	0	0
688608	恒玄科技	415407499	85631978	87315419	392051	38028	40749
688699	明微电子	39259592	46835479	7575887	799460	799460	0
688777	中控技术	193155742	32206426	41035446	1521478	33978	160246
688788	科思科技	237387194	18872657	21393289	37086	0	0
688981	中芯国际	4041014194	135157374	196223547	60047739	454728	1016400
689009	九号公司	172570950	40659027	59136595	588720	135210	116357
