代码	名称	最新价	涨跌额	涨跌幅	买入	卖出	昨收	今开	最高	最低	成交量/手	成交额/万	股吧
sh600006	东风汽车	　6.35	+0.01	+0.158%	6.34	6.35	6.34	6.25	6.66	6.14	775,937	50,194.29	股吧
sh600008	首创股份	　3.04	-0.01	-0.328%	3.03	3.04	3.05	3.05	3.05	3.02	323,148	9,809.96	股吧
sh600017	日照港	　2.92	0.00	0.000%	2.91	2.92	2.92	2.91	2.92	2.88	125,935	3,660.75	股吧
sh600021	上海电力	　7.46	-0.03	-0.401%	7.45	7.46	7.49	7.49	7.50	7.42	29,146	2,169.36	股吧
sh600022	山东钢铁	　1.45	-0.01	-0.685%	1.45	1.46	1.46	1.47	1.47	1.44	746,703	10,843.19	股吧
sh600026	中远海能	　7.01	+0.04	+0.574%	7.01	7.02	6.97	6.96	7.12	6.93	269,899	18,931.03	股吧
sh600037	歌华有线	　10.78	-0.43	-3.836%	10.78	10.79	11.21	11.14	11.15	10.72	229,034	24,837.25	股吧
sh600039	四川路桥	　4.82	-0.06	-1.230%	4.82	4.83	4.88	4.88	4.91	4.77	200,957	9,661.49	股吧
sh600053	九鼎投资	　23.88	-0.10	-0.417%	23.88	23.89	23.98	23.86	23.95	23.55	13,993	3,324.58	股吧
sh600056	中国医药	　15.36	+0.08	+0.524%	15.35	15.36	15.28	15.21	15.48	15.18	123,177	18,860.51	股吧
sh600058	五矿发展	　7.47	+0.14	+1.910%	7.46	7.47	7.33	7.39	7.47	7.27	97,168	7,180.76	股吧
sh600060	海信视像	　11.67	-0.10	-0.850%	11.67	11.68	11.77	11.76	11.76	11.50	249,594	28,994.50	股吧
sh600062	华润双鹤	　12.70	0.00	0.000%	12.70	12.71	12.70	12.72	12.73	12.61	44,871	5,684.23	股吧
sh600064	南京高科	　10.50	-0.14	-1.316%	10.49	10.50	10.64	10.64	10.64	10.42	102,582	10,757.17	股吧
sh600073	上海梅林	　10.10	+0.16	+1.610%	10.09	10.10	9.94	9.95	10.10	9.88	184,158	18,488.92	股吧
sh600079	人福医药	　33.81	+0.09	+0.267%	33.80	33.81	33.72	33.08	33.97	32.50	87,620	29,284.16	股吧
sh600094	大名城	　4.75	+0.03	+0.636%	4.74	4.75	4.72	4.73	4.75	4.70	62,120	2,936.88	股吧
sh600120	浙江东方	　6.80	+0.11	+1.644%	6.80	6.81	6.69	6.74	6.83	6.69	237,577	16,050.89	股吧
sh600125	铁龙物流	　5.38	-0.01	-0.186%	5.38	5.39	5.39	5.39	5.49	5.38	118,439	6,419.87	股吧
sh600126	杭钢股份	　5.91	-0.09	-1.500%	5.90	5.91	6.00	5.98	6.00	5.87	175,339	10,350.44	股吧
sh600132	重庆啤酒	　116.51	+10.59	+9.998%	116.51	0.00	105.92	105.03	116.51	104.60	37,341	42,709.38	股吧
sh600138	中青旅	　11.45	+0.01	+0.087%	11.45	11.46	11.44	11.43	11.62	11.36	135,057	15,479.52	股吧
sh600141	兴发集团	　11.97	+0.12	+1.013%	11.97	11.98	11.85	11.88	12.03	11.83	144,516	17,252.31	股吧
sh600143	金发科技	　17.87	+0.18	+1.018%	17.86	17.87	17.69	17.58	18.04	17.34	550,401	97,503.25	股吧
sh600153	建发股份	　9.29	+0.02	+0.216%	9.28	9.29	9.27	9.28	9.33	9.22	120,111	11,147.88	股吧
sh600155	华创阳安	　14.94	+1.36	+10.015%	14.94	0.00	13.58	13.41	14.94	13.25	1,596,050	231,426.21	股吧
sh600158	中体产业	　13.63	+0.10	+0.739%	13.63	13.64	13.53	13.50	13.72	13.39	166,976	22,644.41	股吧
sh600160	巨化股份	　7.53	+0.05	+0.668%	7.52	7.53	7.48	7.51	7.58	7.44	170,766	12,816.05	股吧
sh600161	天坛生物	　42.42	+0.47	+1.120%	42.42	42.43	41.95	42.27	43.25	41.68	163,123	69,065.46	股吧
sh600166	福田汽车	　3.36	-0.20	-5.618%	3.36	3.37	3.56	3.43	3.47	3.35	3,444,093	117,064.20	股吧
sh600167	联美控股	　13.26	+0.11	+0.837%	13.24	13.26	13.15	13.15	13.39	13.11	60,349	7,984.07	股吧
sh600171	上海贝岭	　15.85	+0.22	+1.408%	15.84	15.85	15.63	15.53	16.15	15.53	155,154	24,676.04	股吧
sh600195	中牧股份	　13.94	-0.06	-0.429%	13.94	13.95	14.00	14.25	14.29	13.90	192,626	27,102.33	股吧
sh600201	生物股份	　24.25	0.00	0.000%	24.24	24.25	24.25	24.17	24.31	23.85	68,718	16,537.39	股吧
sh600216	浙江医药	　14.49	-0.08	-0.549%	14.48	14.49	14.57	14.49	14.55	14.38	103,775	15,008.78	股吧
sh600256	广汇能源	　3.04	-0.07	-2.251%	3.04	3.05	3.11	3.08	3.09	3.02	396,210	12,055.49	股吧
sh600258	首旅酒店	　24.90	+0.20	+0.810%	24.89	24.90	24.70	24.70	25.20	24.44	91,658	22,777.00	股吧
sh600259	广晟有色	　32.74	+0.62	+1.930%	32.73	32.74	32.12	32.07	33.08	31.78	63,159	20,552.45	股吧
sh600260	凯乐科技	　11.91	-0.14	-1.162%	11.90	11.91	12.05	12.12	12.12	11.86	138,470	16,537.96	股吧
sh600266	城建发展	　5.65	-0.04	-0.703%	5.64	5.65	5.69	5.68	5.69	5.63	54,699	3,094.94	股吧
sh600273	嘉化能源	　10.27	-0.27	-2.562%	10.27	10.28	10.54	10.47	10.51	10.09	157,951	16,221.13	股吧
sh600277	亿利洁能	　3.29	-0.01	-0.303%	3.28	3.29	3.30	3.31	3.31	3.26	132,101	4,333.52	股吧
sh600282	南钢股份	　3.27	0.00	0.000%	3.26	3.27	3.27	3.28	3.28	3.21	358,842	11,651.99	股吧
sh600291	西水股份	　5.95	-0.16	-2.619%	5.94	5.95	6.11	5.97	6.03	5.90	368,355	21,892.60	股吧
sh600298	安琪酵母	　50.52	+1.96	+4.036%	50.52	50.53	48.56	48.89	50.56	48.45	246,768	123,242.20	股吧
sh600307	酒钢宏兴	　1.69	+0.02	+1.198%	1.68	1.69	1.67	1.66	1.69	1.64	529,169	8,799.17	股吧
sh600312	平高电气	　6.81	-0.02	-0.293%	6.80	6.81	6.83	6.83	6.83	6.74	48,149	3,267.34	股吧
sh600315	上海家化	　39.15	+0.07	+0.179%	39.15	39.17	39.08	38.80	39.50	38.61	39,447	15,430.94	股吧
sh600316	洪都航空	　38.37	+3.49	+10.006%	38.37	0.00	34.88	34.88	38.37	34.39	366,757	135,197.96	股吧
sh600325	华发股份	　6.47	-0.03	-0.462%	6.46	6.47	6.50	6.50	6.51	6.42	119,044	7,681.43	股吧
sh600329	中新药业	　16.88	+0.02	+0.119%	16.87	16.88	16.86	16.73	16.94	16.63	30,068	5,052.47	股吧
sh600335	国机汽车	　6.42	-0.17	-2.580%	6.41	6.42	6.59	6.53	6.55	6.36	242,887	15,673.41	股吧
sh600338	西藏珠峰	　10.16	+0.35	+3.568%	10.16	10.17	9.81	9.78	10.18	9.74	260,121	25,984.85	股吧
sh600339	中油工程	　3.09	-0.01	-0.323%	3.08	3.09	3.10	3.10	3.14	3.04	236,089	7,278.00	股吧
sh600348	阳泉煤业	　5.43	+0.04	+0.742%	5.42	5.43	5.39	5.40	5.43	5.32	191,646	10,322.58	股吧
sh600350	山东高速	　6.93	-0.03	-0.431%	6.92	6.93	6.96	6.96	7.04	6.89	55,111	3,832.69	股吧
sh600373	中文传媒	　11.80	-0.10	-0.840%	11.80	11.83	11.90	11.92	11.93	11.74	78,552	9,280.16	股吧
sh600376	首开股份	　6.33	-0.01	-0.158%	6.32	6.33	6.34	6.33	6.36	6.27	36,013	2,270.24	股吧
sh600380	健康元	　14.88	+0.09	+0.609%	14.88	14.89	14.79	14.71	14.94	14.55	139,426	20,659.46	股吧
sh600388	龙净环保	　10.24	+0.03	+0.294%	10.23	10.24	10.21	10.17	10.29	10.12	47,212	4,815.14	股吧
sh600392	盛和资源	　9.36	+0.61	+6.971%	9.36	9.37	8.75	8.79	9.61	8.67	1,257,604	116,412.59	股吧
sh600409	三友化工	　9.08	+0.30	+3.417%	9.08	9.09	8.78	8.86	9.13	8.65	396,445	35,388.44	股吧
sh600410	华胜天成	　10.08	+0.05	+0.499%	10.07	10.08	10.03	10.00	10.35	9.96	257,716	26,129.55	股吧
sh600415	小商品城	　5.52	+0.04	+0.730%	5.52	5.53	5.48	5.50	5.56	5.46	241,424	13,294.21	股吧
sh600418	江淮汽车	　10.53	-0.12	-1.127%	10.53	10.54	10.65	10.86	11.64	10.45	2,966,835	328,648.49	股吧
sh600426	华鲁恒升	　34.90	+1.00	+2.950%	34.90	34.91	33.90	34.48	35.18	33.66	138,122	47,688.69	股吧
sh600428	中远海特	　4.52	+0.16	+3.670%	4.51	4.52	4.36	4.42	4.65	4.35	590,286	26,513.66	股吧
sh600435	北方导航	　8.86	+0.08	+0.911%	8.85	8.86	8.78	8.74	8.93	8.72	149,402	13,181.43	股吧
sh600446	金证股份	　18.26	-0.30	-1.616%	18.26	18.27	18.56	18.51	18.59	18.19	111,811	20,469.26	股吧
sh600460	士兰微	　20.41	+1.86	+10.027%	20.41	0.00	18.55	19.19	20.41	19.19	1,925,518	387,787.74	股吧
sh600466	蓝光发展	　5.09	-0.05	-0.973%	5.09	5.10	5.14	5.15	5.16	5.05	262,534	13,335.35	股吧
sh600478	科力远	　4.49	0.00	0.000%	4.49	4.50	4.49	4.49	4.54	4.43	181,198	8,106.43	股吧
sh600486	扬农化工	　121.50	+2.55	+2.144%	121.50	121.52	118.95	119.74	121.76	117.60	15,133	18,095.61	股吧
sh600497	驰宏锌锗	　4.76	+0.06	+1.277%	4.75	4.76	4.70	4.66	4.80	4.63	778,563	36,706.31	股吧
sh600500	中化国际	　5.43	-0.05	-0.912%	5.42	5.43	5.48	5.48	5.49	5.40	160,224	8,706.81	股吧
sh600507	方大特钢	　7.15	+0.03	+0.421%	7.15	7.16	7.12	7.10	7.18	7.02	316,171	22,446.97	股吧
sh600511	国药股份	　50.10	+3.01	+6.392%	50.10	50.11	47.09	46.90	51.38	46.66	444,599	216,761.17	股吧
sh600515	海航基础	　7.02	+0.02	+0.286%	7.02	7.03	7.00	7.00	7.02	6.95	140,072	9,780.56	股吧
sh600521	华海药业	　34.78	+1.97	+6.004%	34.77	34.78	32.81	32.81	34.96	32.50	213,884	73,703.65	股吧
sh600528	中铁工业	　9.45	-0.02	-0.211%	9.44	9.45	9.47	9.45	9.49	9.39	75,375	7,110.97	股吧
代码	名称	最新价	涨跌额	涨跌幅	买入	卖出	昨收	今开	最高	最低	成交量/手	成交额/万	股吧
sh600529	山东药玻	　48.51	+1.12	+2.363%	48.51	48.52	47.39	47.30	48.78	46.38	349,835	166,561.45	股吧
sh600535	天士力	　16.73	+0.06	+0.360%	16.73	16.74	16.67	16.71	16.75	16.61	54,653	9,123.15	股吧
sh600545	卓郎智能	　4.33	-0.02	-0.460%	4.32	4.33	4.35	4.35	4.37	4.30	62,187	2,688.21	股吧
sh600549	厦门钨业	　15.19	+0.31	+2.083%	15.18	15.19	14.88	14.84	15.22	14.84	179,294	27,017.15	股吧
sh600557	康缘药业	　12.30	-0.07	-0.566%	12.30	12.31	12.37	12.37	12.44	12.26	26,312	3,239.85	股吧
sh600563	法拉电子	　88.10	+0.70	+0.801%	88.10	88.27	87.40	86.74	88.68	86.37	27,976	24,555.77	股吧
sh600565	迪马股份	　2.96	-0.03	-1.003%	2.96	2.97	2.99	2.99	2.99	2.95	109,100	3,230.77	股吧
sh600566	济川药业	　22.14	-0.01	-0.045%	22.14	22.15	22.15	22.25	22.25	22.02	21,713	4,802.07	股吧
sh600567	山鹰国际	　3.25	+0.01	+0.309%	3.25	3.26	3.24	3.25	3.27	3.22	442,246	14,356.84	股吧
sh600572	康恩贝	　5.27	+0.11	+2.132%	5.26	5.27	5.16	5.22	5.28	5.18	364,977	19,095.11	股吧
sh600575	淮河能源	　2.24	-0.03	-1.322%	2.24	2.25	2.27	2.26	2.27	2.22	268,305	6,011.73	股吧
sh600580	卧龙电驱	　14.30	-0.30	-2.055%	14.29	14.30	14.60	14.56	14.71	14.17	410,688	59,062.34	股吧
sh600582	天地科技	　3.26	-0.01	-0.306%	3.25	3.26	3.27	3.27	3.28	3.22	191,715	6,214.48	股吧
sh600597	光明乳业	　15.56	+0.22	+1.434%	15.56	15.57	15.34	15.35	15.59	15.31	174,442	26,994.78	股吧
sh600598	北大荒	　17.45	-0.35	-1.966%	17.44	17.45	17.80	17.60	17.68	17.35	186,417	32,564.07	股吧
sh600623	华谊集团	　6.41	+0.20	+3.221%	6.40	6.41	6.21	6.20	6.52	6.07	270,552	17,117.93	股吧
sh600633	浙数文化	　9.19	-0.10	-1.076%	9.19	9.20	9.29	9.27	9.29	9.18	47,175	4,342.23	股吧
sh600639	浦东金桥	　12.80	+0.02	+0.156%	12.79	12.80	12.78	12.72	12.87	12.63	35,049	4,473.30	股吧
sh600640	号百控股	　15.28	+0.05	+0.328%	15.27	15.28	15.23	15.20	15.48	15.00	24,850	3,774.62	股吧
sh600642	申能股份	　5.52	-0.03	-0.541%	5.51	5.52	5.55	5.53	5.55	5.49	72,434	3,994.22	股吧
sh600643	爱建集团	　8.51	-0.12	-1.390%	8.50	8.51	8.63	8.55	8.61	8.43	114,289	9,697.14	股吧
sh600645	中源协和	　22.10	-0.24	-1.074%	22.09	22.10	22.34	22.34	22.60	21.93	64,942	14,393.34	股吧
sh600648	外高桥	　14.54	-0.11	-0.751%	14.53	14.54	14.65	14.65	14.67	14.45	34,741	5,042.38	股吧
sh600649	城投控股	　5.62	-0.02	-0.355%	5.61	5.62	5.64	5.64	5.65	5.57	39,275	2,197.95	股吧
sh600657	信达地产	　4.46	-0.02	-0.446%	4.45	4.46	4.48	4.50	4.51	4.42	97,287	4,328.28	股吧
sh600664	哈药股份	　3.33	+0.04	+1.216%	3.32	3.33	3.29	3.31	3.37	3.30	193,538	6,450.17	股吧
sh600667	太极实业	　11.11	+0.20	+1.833%	11.10	11.11	10.91	10.88	11.23	10.87	404,155	44,841.04	股吧
sh600673	东阳光	　5.56	-0.05	-0.891%	5.55	5.56	5.61	5.63	5.63	5.54	117,652	6,540.29	股吧
sh600675	中华企业	　3.77	+0.03	+0.802%	3.76	3.77	3.74	3.74	3.77	3.73	50,517	1,894.45	股吧
sh600694	大商股份	　22.43	-0.17	-0.752%	22.43	22.45	22.60	22.61	22.61	22.37	23,484	5,268.90	股吧
sh600699	均胜电子	　25.08	+0.20	+0.804%	25.08	25.09	24.88	24.80	25.23	24.64	119,225	29,761.51	股吧
sh600704	物产中大	　4.58	-0.03	-0.651%	4.57	4.58	4.61	4.60	4.61	4.56	219,232	10,044.87	股吧
sh600707	彩虹股份	　7.74	-0.86	-10.000%	0.00	7.74	8.60	8.30	8.60	7.74	1,284,885	104,201.34	股吧
sh600717	天津港	　4.83	-0.01	-0.207%	4.82	4.83	4.84	4.84	4.84	4.80	62,173	2,995.08	股吧
sh600718	东软集团	　11.33	-0.05	-0.439%	11.31	11.33	11.38	11.35	11.37	11.18	57,514	6,478.33	股吧
sh600728	佳都科技	　9.06	+0.18	+2.027%	9.05	9.06	8.88	9.03	9.11	8.91	227,377	20,561.30	股吧
sh600729	重庆百货	　29.90	-0.39	-1.288%	29.90	29.91	30.29	30.29	30.33	29.71	26,180	7,841.15	股吧
sh600733	北汽蓝谷	　9.18	-1.02	-10.000%	0.00	9.18	10.20	9.78	10.28	9.18	1,376,749	131,998.06	股吧
sh600737	中粮糖业	　8.99	0.00	0.000%	8.99	9.00	8.99	8.99	9.08	8.86	247,091	22,181.25	股吧
sh600739	辽宁成大	　22.94	+0.05	+0.218%	22.94	22.95	22.89	22.76	22.94	22.58	96,668	21,976.99	股吧
sh600748	上实发展	　5.35	-0.05	-0.926%	5.34	5.35	5.40	5.37	5.40	5.28	69,125	3,684.19	股吧
sh600751	海航科技	　3.42	-0.03	-0.870%	3.42	3.43	3.45	3.45	3.45	3.40	194,513	6,651.89	股吧
sh600754	锦江酒店	　51.46	+0.35	+0.685%	51.46	51.47	51.11	50.39	51.62	50.20	28,119	14,395.25	股吧
sh600755	厦门国贸	　7.14	-0.04	-0.557%	7.14	7.15	7.18	7.13	7.16	7.08	135,607	9,654.75	股吧
sh600757	长江传媒	　5.69	-0.01	-0.175%	5.68	5.69	5.70	5.69	5.72	5.67	64,333	3,659.86	股吧
sh600765	中航重机	　18.33	+0.08	+0.438%	18.32	18.33	18.25	18.26	18.53	17.79	169,139	30,674.18	股吧
sh600770	综艺股份	　5.87	+0.10	+1.733%	5.86	5.87	5.77	5.74	5.87	5.73	135,417	7,883.10	股吧
sh600776	东方通信	　13.21	+0.03	+0.228%	13.21	13.22	13.18	13.19	13.29	13.09	65,028	8,589.94	股吧
sh600777	新潮能源	　1.72	+0.04	+2.381%	1.71	1.72	1.68	1.68	1.72	1.65	1,434,793	24,325.10	股吧
sh600782	新钢股份	　4.63	+0.04	+0.871%	4.63	4.64	4.59	4.61	4.65	4.54	285,144	13,146.29	股吧
sh600787	中储股份	　4.77	0.00	0.000%	4.77	4.78	4.77	4.77	4.79	4.74	46,248	2,203.17	股吧
sh600801	华新水泥	　24.35	+0.05	+0.206%	24.34	24.35	24.30	24.30	24.38	24.02	57,684	13,963.46	股吧
sh600804	鹏博士	　7.85	+0.10	+1.290%	7.84	7.85	7.75	7.75	7.91	7.75	220,915	17,327.81	股吧
sh600808	马钢股份	　2.77	-0.02	-0.717%	2.77	2.78	2.79	2.79	2.80	2.74	364,173	10,056.16	股吧
sh600811	东方集团	　3.99	-0.05	-1.238%	3.98	3.99	4.04	4.03	4.04	3.97	198,156	7,908.67	股吧
sh600820	隧道股份	　5.78	-0.01	-0.173%	5.77	5.78	5.79	5.80	5.81	5.75	87,896	5,071.27	股吧
sh600823	世茂股份	　5.64	-0.06	-1.053%	5.63	5.64	5.70	5.69	5.70	5.60	80,836	4,553.14	股吧
sh600827	百联股份	　13.43	+0.08	+0.599%	13.43	13.44	13.35	13.34	13.57	13.27	97,063	13,014.47	股吧
sh600835	上海机电	　20.25	+0.44	+2.221%	20.24	20.25	19.81	19.65	20.29	19.65	43,163	8,640.21	股吧
sh600839	四川长虹	　2.96	-0.02	-0.671%	2.96	2.97	2.98	2.97	2.97	2.93	406,389	11,985.04	股吧
sh600845	宝信软件	　61.77	-0.35	-0.563%	61.77	61.78	62.12	62.00	62.44	61.46	24,695	15,253.19	股吧
sh600859	王府井	　34.14	-0.06	-0.175%	34.13	34.14	34.20	34.17	35.20	33.68	134,126	45,964.74	股吧
sh600862	中航高科	　25.50	+1.10	+4.508%	25.49	25.50	24.40	24.18	25.74	24.17	160,450	40,253.79	股吧
sh600863	内蒙华电	　2.60	-0.01	-0.383%	2.60	2.61	2.61	2.60	2.62	2.58	169,719	4,406.67	股吧
sh600869	智慧能源	　3.90	-0.01	-0.256%	3.90	3.91	3.91	3.90	3.92	3.89	66,637	2,597.96	股吧
sh600874	创业环保	　6.84	-0.06	-0.870%	6.84	6.85	6.90	6.89	6.92	6.82	52,719	3,610.77	股吧
sh600875	东方电气	　10.58	-0.08	-0.750%	10.58	10.59	10.66	10.63	10.73	10.50	155,426	16,462.50	股吧
sh600879	航天电子	　6.80	0.00	0.000%	6.79	6.80	6.80	6.80	6.87	6.75	362,107	24,604.58	股吧
sh600881	亚泰集团	　3.25	0.00	0.000%	3.24	3.25	3.25	3.25	3.25	3.20	97,628	3,151.53	股吧
sh600884	杉杉股份	　14.08	+0.14	+1.004%	14.07	14.08	13.94	13.80	14.38	13.70	375,479	52,668.44	股吧
sh600885	宏发股份	　49.98	+0.92	+1.875%	49.92	49.98	49.06	49.20	50.00	48.71	51,975	25,848.21	股吧
sh600895	张江高科	　18.23	-0.07	-0.383%	18.23	18.24	18.30	18.26	18.46	18.11	88,962	16,226.44	股吧
sh600901	江苏租赁	　5.90	-0.04	-0.673%	5.90	5.91	5.94	5.94	5.98	5.88	110,861	6,558.48	股吧
sh600903	贵州燃气	　12.51	-0.21	-1.651%	12.51	12.52	12.72	12.51	12.99	12.41	227,497	28,760.49	股吧
sh600908	无锡银行	　6.06	-0.22	-3.503%	6.06	6.07	6.28	6.12	6.17	6.02	353,671	21,518.68	股吧
sh600909	华安证券	　8.39	-0.12	-1.410%	8.38	8.39	8.51	8.52	8.52	8.30	514,886	43,134.01	股吧
sh600917	重庆燃气	　7.18	-0.01	-0.139%	7.17	7.18	7.19	7.15	7.24	7.12	25,806	1,851.06	股吧
sh600959	江苏有线	　3.65	-0.02	-0.545%	3.65	3.66	3.67	3.65	3.67	3.63	121,968	4,446.36	股吧
sh600967	内蒙一机	　10.13	+0.03	+0.297%	10.13	10.14	10.10	10.10	10.17	10.02	183,946	18,565.80	股吧
sh600970	中材国际	　7.51	-0.09	-1.184%	7.51	7.52	7.60	7.65	7.65	7.45	226,858	17,114.06	股吧
代码	名称	最新价	涨跌额	涨跌幅	买入	卖出	昨收	今开	最高	最低	成交量/手	成交额/万	股吧
sh600985	淮北矿业	　11.21	-0.17	-1.494%	11.21	11.22	11.38	11.31	11.35	10.94	131,060	14,579.92	股吧
sh600996	贵广网络	　6.31	-0.02	-0.316%	6.31	6.32	6.33	6.32	6.33	6.26	41,876	2,634.01	股吧
sh601000	唐山港	　2.65	-0.02	-0.749%	2.64	2.65	2.67	2.68	2.68	2.63	309,405	8,183.39	股吧
sh601003	柳钢股份	　5.06	-0.02	-0.394%	5.05	5.06	5.08	5.07	5.08	4.99	87,123	4,377.51	股吧
sh601005	重庆钢铁	　1.57	0.00	0.000%	1.56	1.57	1.57	1.57	1.57	1.53	405,819	6,303.25	股吧
sh601016	节能风电	　2.81	-0.02	-0.707%	2.81	2.82	2.83	2.83	2.84	2.80	308,871	8,682.27	股吧
sh601019	山东出版	　6.18	-0.09	-1.435%	6.17	6.18	6.27	6.27	6.30	6.16	89,865	5,585.25	股吧
sh601068	中铝国际	　3.87	-0.02	-0.514%	3.86	3.87	3.89	3.85	3.87	3.80	63,597	2,440.68	股吧
sh601098	中南传媒	　10.74	-0.03	-0.279%	10.72	10.74	10.77	10.82	10.83	10.65	54,450	5,830.06	股吧
sh601099	太平洋	　4.06	-0.11	-2.638%	4.06	4.07	4.17	4.10	4.12	4.05	2,112,286	86,050.29	股吧
sh601106	中国一重	　3.06	+0.01	+0.328%	3.05	3.06	3.05	3.05	3.07	3.03	129,792	3,960.88	股吧
sh601118	海南橡胶	　5.27	-0.15	-2.768%	5.27	5.28	5.42	5.29	5.30	5.23	448,259	23,612.24	股吧
sh601127	小康股份	　18.62	-2.07	-10.005%	0.00	18.62	20.69	18.62	18.80	18.62	185,818	34,601.64	股吧
sh601128	常熟银行	　7.60	+0.01	+0.132%	7.59	7.60	7.59	7.51	7.63	7.42	383,863	28,858.42	股吧
sh601139	深圳燃气	　7.82	-0.01	-0.128%	7.81	7.82	7.83	7.84	7.96	7.74	196,819	15,441.96	股吧
sh601168	西部矿业	　13.70	+0.46	+3.474%	13.69	13.70	13.24	13.01	13.76	12.99	586,763	78,394.23	股吧
sh601179	中国西电	　4.51	-0.05	-1.096%	4.51	4.52	4.56	4.53	4.54	4.50	122,834	5,542.84	股吧
sh601200	上海环境	　11.98	-0.04	-0.333%	11.97	11.98	12.02	11.99	12.03	11.86	57,827	6,899.80	股吧
sh601228	广州港	　3.49	+0.02	+0.576%	3.48	3.49	3.47	3.48	3.50	3.43	130,503	4,522.20	股吧
sh601233	桐昆股份	　19.66	-0.15	-0.757%	19.66	19.67	19.81	19.88	19.99	18.97	646,600	125,632.81	股吧
sh601333	广深铁路	　2.38	-0.01	-0.418%	2.37	2.38	2.39	2.39	2.39	2.37	120,178	2,858.28	股吧
sh601512	中新集团	　10.78	-0.06	-0.554%	10.78	10.79	10.84	10.80	10.85	10.74	13,311	1,433.81	股吧
sh601598	中国外运	　5.00	-0.03	-0.596%	5.00	5.01	5.03	4.98	5.07	4.90	459,871	22,900.59	股吧
sh601608	中信重工	　3.83	-0.03	-0.777%	3.83	3.84	3.86	3.84	3.86	3.80	137,806	5,264.72	股吧
sh601611	中国核建	　7.82	-0.12	-1.511%	7.81	7.82	7.94	7.93	7.93	7.76	150,034	11,724.80	股吧
sh601615	明阳智能	　17.11	+0.02	+0.117%	17.11	17.12	17.09	17.07	17.25	16.95	173,017	29,556.40	股吧
sh601678	滨化股份	　5.40	+0.03	+0.559%	5.40	5.41	5.37	5.35	5.41	5.33	174,007	9,360.03	股吧
sh601689	拓普集团	　35.88	+0.85	+2.426%	35.87	35.88	35.03	34.85	36.26	34.11	109,244	38,954.75	股吧
sh601699	潞安环能	　6.52	0.00	0.000%	6.52	6.53	6.52	6.48	6.54	6.42	194,579	12,619.14	股吧
sh601717	郑煤机	　9.68	+0.29	+3.088%	9.67	9.68	9.39	9.45	9.95	9.29	521,478	50,283.66	股吧
sh601718	际华集团	　3.22	-0.01	-0.310%	3.22	3.23	3.23	3.24	3.24	3.21	224,793	7,243.76	股吧
sh601799	星宇股份	　195.00	+4.02	+2.105%	194.98	195.00	190.98	189.23	196.80	188.01	15,221	29,538.39	股吧
sh601801	皖新传媒	　5.26	-0.03	-0.567%	5.25	5.26	5.29	5.30	5.30	5.22	70,237	3,683.21	股吧
sh601811	新华文轩	　10.28	0.00	0.000%	10.28	10.29	10.28	10.31	10.31	10.21	8,926	914.88	股吧
sh601860	紫金银行	　4.45	-0.34	-7.098%	4.45	4.46	4.79	4.61	4.63	4.43	1,308,883	59,065.70	股吧
sh601865	福莱特	　31.88	-3.54	-9.994%	0.00	31.88	35.42	33.53	33.80	31.88	245,990	79,627.05	股吧
sh601866	中远海发	　3.04	+0.11	+3.754%	3.03	3.04	2.93	2.94	3.08	2.93	1,473,675	44,457.57	股吧
sh601869	长飞光纤	　28.70	-0.15	-0.520%	28.69	28.70	28.85	28.84	28.96	28.61	7,591	2,179.78	股吧
sh601880	大连港	　2.04	0.00	0.000%	2.03	2.04	2.04	2.03	2.07	2.02	520,111	10,628.83	股吧
sh601928	凤凰传媒	　6.96	0.00	0.000%	6.95	6.96	6.96	6.94	6.98	6.93	22,125	1,537.54	股吧
sh601958	金钼股份	　6.19	+0.08	+1.309%	6.18	6.19	6.11	6.11	6.20	6.09	115,698	7,116.94	股吧
sh601966	玲珑轮胎	　34.58	+0.50	+1.467%	34.58	34.59	34.08	33.89	34.68	33.80	81,865	28,068.97	股吧
sh601969	海南矿业	　6.58	+0.30	+4.777%	6.57	6.58	6.28	6.15	6.75	6.08	252,347	16,173.44	股吧
sh601975	招商南油	　2.62	-0.01	-0.380%	2.61	2.62	2.63	2.63	2.65	2.60	449,630	11,784.58	股吧
sh603000	人民网	　17.19	-0.06	-0.348%	17.19	17.20	17.25	17.25	17.26	17.09	40,452	6,945.56	股吧
sh603025	大豪科技	　8.69	0.00	0.000%	0.00	0.00	8.69	0.00	0.00	0.00	0	0.00	股吧
sh603056	德邦股份	　13.76	-0.06	-0.434%	13.75	13.76	13.82	13.82	13.87	13.69	25,422	3,493.80	股吧
sh603077	和邦生物	　1.45	0.00	0.000%	1.44	1.45	1.45	1.45	1.46	1.43	681,232	9,825.49	股吧
sh603198	迎驾贡酒	　31.56	+1.48	+4.920%	31.56	31.57	30.08	30.10	32.40	30.10	258,527	80,721.20	股吧
sh603225	新凤鸣	　12.33	+0.04	+0.325%	12.32	12.33	12.29	12.52	12.76	12.27	73,776	9,198.70	股吧
sh603228	景旺电子	　32.40	+0.28	+0.872%	32.39	32.40	32.12	32.24	32.73	32.02	37,470	12,164.61	股吧
sh603233	大参林	　86.50	+1.50	+1.765%	86.33	86.50	85.00	85.02	87.25	84.10	33,713	29,083.82	股吧
sh603256	宏和科技	　10.59	+0.03	+0.284%	10.58	10.59	10.56	10.62	10.66	10.50	23,631	2,497.47	股吧
sh603317	天味食品	　67.34	+4.07	+6.433%	67.34	67.35	63.27	63.06	67.88	63.06	50,043	33,044.33	股吧
sh603328	依顿电子	　8.29	0.00	0.000%	8.29	8.30	8.29	8.28	8.42	8.25	43,889	3,648.05	股吧
sh603338	浙江鼎力	　104.99	+0.11	+0.105%	104.99	105.05	104.88	105.54	106.20	104.70	18,859	19,880.16	股吧
sh603355	莱克电气	　32.91	-0.24	-0.724%	32.89	32.91	33.15	33.16	33.79	32.56	9,582	3,152.45	股吧
sh603377	东方时尚	　19.87	-0.26	-1.292%	19.87	19.88	20.13	20.11	20.50	19.60	26,033	5,171.92	股吧
sh603379	三美股份	　19.20	+0.17	+0.893%	19.20	19.21	19.03	19.06	19.29	19.06	12,454	2,389.50	股吧
sh603444	吉比特	　401.80	-5.10	-1.253%	401.80	402.00	406.90	405.02	409.19	397.77	9,677	38,856.04	股吧
sh603486	科沃斯	　67.46	+0.46	+0.687%	67.44	67.46	67.00	66.49	67.80	65.61	25,496	17,093.58	股吧
sh603515	欧普照明	　32.45	+0.26	+0.808%	32.45	32.46	32.19	32.19	32.76	32.16	14,956	4,850.73	股吧
sh603517	绝味食品	　75.30	-0.13	-0.172%	75.27	75.30	75.43	75.10	76.26	74.05	38,695	29,157.59	股吧
sh603556	海兴电力	　15.16	0.00	0.000%	15.16	15.17	15.16	15.12	15.20	15.07	18,718	2,834.56	股吧
sh603568	伟明环保	　21.28	+0.21	+0.997%	21.26	21.28	21.07	21.15	21.28	21.06	23,355	4,939.97	股吧
sh603605	珀莱雅	　166.05	+1.17	+0.710%	166.03	166.05	164.88	164.74	167.79	164.60	10,877	18,103.64	股吧
sh603650	彤程新材	　36.43	+0.57	+1.590%	36.43	36.44	35.86	35.41	36.59	35.40	29,348	10,597.12	股吧
sh603659	璞泰来	　101.38	+2.30	+2.321%	101.38	101.39	99.08	98.27	102.52	98.13	38,616	39,137.09	股吧
sh603707	健友股份	　38.76	+0.26	+0.675%	38.76	38.77	38.50	38.60	39.09	38.30	15,912	6,156.02	股吧
sh603708	家家悦	　25.10	+0.61	+2.491%	25.10	25.11	24.49	24.48	25.14	24.11	140,963	34,668.27	股吧
sh603712	七一二	　37.97	-0.03	-0.079%	37.97	37.98	38.00	38.10	38.10	37.49	36,091	13,638.59	股吧
sh603766	隆鑫通用	　3.94	-0.02	-0.505%	3.93	3.94	3.96	3.95	3.99	3.91	106,664	4,198.30	股吧
sh603786	科博达	　78.31	+1.68	+2.192%	78.30	78.44	76.63	75.70	78.88	75.70	6,491	5,048.63	股吧
sh603806	福斯特	　70.14	-0.21	-0.299%	70.14	70.17	70.35	70.10	71.96	69.00	40,147	28,380.71	股吧
sh603816	顾家家居	　77.28	+0.83	+1.086%	77.27	77.28	76.45	77.42	77.77	76.10	19,472	14,998.06	股吧
sh603858	步长制药	　25.13	+0.12	+0.480%	25.13	25.14	25.01	25.01	25.36	24.95	60,528	15,216.29	股吧
sh603866	桃李面包	　62.38	-0.12	-0.192%	62.37	62.38	62.50	62.89	64.28	61.80	52,166	32,806.87	股吧
sh603868	飞科电器	　54.54	+2.74	+5.290%	54.50	54.54	51.80	51.57	54.67	51.31	13,302	7,120.53	股吧
sh603882	金域医学	　94.90	+1.34	+1.432%	94.90	94.91	93.56	93.59	95.50	93.00	41,979	39,771.00	股吧
sh603883	老百姓	　72.96	+0.46	+0.634%	72.96	72.97	72.50	72.17	73.80	71.71	16,570	12,102.63	股吧
代码	名称	最新价	涨跌额	涨跌幅	买入	卖出	昨收	今开	最高	最低	成交量/手	成交额/万	股吧
sh603885	吉祥航空	　11.97	-0.05	-0.416%	11.96	11.97	12.02	12.08	12.30	11.86	108,568	13,043.56	股吧
sh603888	新华网	　19.13	-0.04	-0.209%	19.13	19.14	19.17	19.18	19.18	19.03	18,960	3,618.69	股吧
sh603939	益丰药房	　101.29	+0.78	+0.776%	101.29	101.40	100.51	100.49	102.00	99.72	29,872	30,296.02	股吧
sh603983	丸美股份	　59.12	+0.79	+1.354%	59.12	59.13	58.33	58.00	59.24	57.82	8,751	5,146.34	股吧
sz000008	神州高铁	　2.76	-0.01	-0.361%	2.75	2.76	2.77	2.74	2.79	2.73	161,341	4,457.45	股吧
sz000009	中国宝安	　7.22	-0.02	-0.276%	7.21	7.22	7.24	7.19	7.24	7.15	163,765	11,791.62	股吧
sz000012	南 玻Ａ	　6.75	-0.03	-0.442%	6.74	6.75	6.78	6.77	6.78	6.63	321,154	21,557.83	股吧
sz000021	深科技	　21.35	+0.13	+0.613%	21.34	21.35	21.22	21.12	21.69	21.12	184,899	39,611.06	股吧
sz000025	特 力Ａ	　18.88	-0.01	-0.053%	18.87	18.88	18.89	18.89	18.96	18.81	21,809	4,116.23	股吧
sz000027	深圳能源	　5.60	0.00	0.000%	5.60	5.61	5.60	5.60	5.60	5.54	122,719	6,829.40	股吧
sz000028	国药一致	　51.73	+0.98	+1.931%	51.73	51.74	50.75	50.78	52.68	50.56	55,210	28,474.00	股吧
sz000031	大悦城	　4.87	-0.05	-1.016%	4.86	4.87	4.92	4.93	4.93	4.83	63,849	3,100.98	股吧
sz000039	中集集团	　14.81	+0.18	+1.230%	14.81	14.82	14.63	14.80	14.99	14.55	226,355	33,418.28	股吧
sz000046	泛海控股	　4.01	-0.05	-1.232%	4.00	4.01	4.06	4.04	4.06	3.97	93,779	3,757.16	股吧
sz000050	深天马Ａ	　15.84	-0.10	-0.627%	15.84	15.85	15.94	15.80	16.02	15.63	198,162	31,310.29	股吧
sz000060	中金岭南	　4.80	+0.02	+0.418%	4.80	4.81	4.78	4.75	4.82	4.72	536,832	25,644.94	股吧
sz000061	农 产 品	　6.98	-0.05	-0.711%	6.98	6.99	7.03	7.03	7.15	6.96	141,438	9,948.55	股吧
sz000062	深圳华强	　14.27	+0.06	+0.422%	14.26	14.27	14.21	14.18	14.35	14.06	36,336	5,166.35	股吧
sz000078	海王生物	　4.16	-0.03	-0.716%	4.15	4.16	4.19	4.20	4.22	4.14	157,462	6,544.45	股吧
sz000089	深圳机场	　8.82	-0.06	-0.676%	8.81	8.82	8.88	8.90	8.92	8.75	87,459	7,715.56	股吧
sz000090	天健集团	　6.78	-0.07	-1.022%	6.78	6.79	6.85	6.85	6.87	6.76	132,242	8,978.32	股吧
sz000156	华数传媒	　9.68	-0.11	-1.124%	9.67	9.68	9.79	9.75	9.78	9.61	47,042	4,554.69	股吧
sz000158	常山北明	　7.49	+0.06	+0.808%	7.48	7.49	7.43	7.45	7.52	7.34	246,803	18,391.23	股吧
sz000301	东方盛虹	　10.11	+0.29	+2.953%	10.11	10.12	9.82	9.70	10.14	9.70	216,221	21,546.14	股吧
sz000400	许继电气	　16.21	-0.01	-0.062%	16.20	16.21	16.22	16.18	16.36	16.04	149,019	24,121.07	股吧
sz000401	冀东水泥	　15.72	+0.03	+0.191%	15.72	15.73	15.69	15.70	15.78	15.61	86,436	13,565.18	股吧
sz000402	金 融 街	　6.86	-0.06	-0.867%	6.86	6.87	6.92	6.91	6.92	6.84	49,922	3,425.09	股吧
sz000415	渤海租赁	　2.80	+0.01	+0.358%	2.79	2.80	2.79	2.80	2.87	2.77	274,359	7,691.56	股吧
sz000488	晨鸣纸业	　6.60	0.00	0.000%	6.60	6.61	6.60	6.62	6.64	6.45	456,211	29,926.10	股吧
sz000501	鄂武商Ａ	　12.83	-0.08	-0.620%	12.83	12.84	12.91	12.86	13.09	12.77	91,413	11,774.39	股吧
sz000513	丽珠集团	　44.33	-0.01	-0.023%	44.33	44.34	44.34	44.19	44.60	43.98	42,695	18,898.48	股吧
sz000519	中兵红箭	　10.00	+0.14	+1.420%	9.99	10.00	9.86	9.84	10.03	9.78	251,020	24,908.22	股吧
sz000528	柳 工	　7.89	-0.06	-0.755%	7.88	7.89	7.95	7.93	7.94	7.83	253,745	19,975.18	股吧
sz000537	广宇发展	　6.73	-0.08	-1.175%	6.72	6.73	6.81	6.82	6.82	6.70	54,004	3,634.11	股吧
sz000543	皖能电力	　4.09	-0.05	-1.208%	4.09	4.10	4.14	4.15	4.15	4.06	243,253	9,940.59	股吧
sz000547	航天发展	　22.10	+0.64	+2.982%	22.09	22.10	21.46	21.47	22.17	21.45	251,769	54,991.02	股吧
sz000553	安道麦A	　8.40	+0.01	+0.119%	8.38	8.40	8.39	8.45	8.45	8.35	14,025	1,176.20	股吧
sz000559	万向钱潮	　6.25	-0.01	-0.160%	6.25	6.26	6.26	6.25	6.30	6.21	147,162	9,209.44	股吧
sz000563	陕国投Ａ	　3.90	-0.09	-2.256%	3.90	3.91	3.99	3.96	3.96	3.86	425,732	16,610.87	股吧
sz000564	供销大集	　3.18	-0.13	-3.927%	3.18	3.19	3.31	3.26	3.28	3.17	750,851	24,149.29	股吧
sz000581	威孚高科	　25.71	-0.10	-0.387%	25.71	25.72	25.81	25.80	25.81	25.55	57,393	14,729.60	股吧
sz000598	兴蓉环境	　5.08	-0.02	-0.392%	5.08	5.09	5.10	5.09	5.11	5.06	98,209	4,986.24	股吧
sz000600	建投能源	　5.64	+0.01	+0.178%	5.63	5.64	5.63	5.64	5.65	5.58	68,509	3,849.30	股吧
sz000623	吉林敖东	　17.55	-0.15	-0.847%	17.55	17.56	17.70	17.72	17.76	17.40	89,113	15,600.41	股吧
sz000629	攀钢钒钛	　2.42	+0.03	+1.255%	2.42	2.43	2.39	2.39	2.43	2.34	967,253	23,051.74	股吧
sz000630	铜陵有色	　2.67	+0.03	+1.136%	2.67	2.68	2.64	2.64	2.68	2.62	1,408,509	37,360.12	股吧
sz000636	风华高科	　36.30	+1.08	+3.066%	36.29	36.30	35.22	35.15	36.70	35.00	270,257	97,886.18	股吧
sz000681	视觉中国	　15.94	-0.12	-0.747%	15.93	15.94	16.06	15.98	16.11	15.85	48,249	7,697.33	股吧
sz000685	中山公用	　8.73	-0.12	-1.356%	8.72	8.73	8.85	8.83	8.87	8.70	71,790	6,273.21	股吧
sz000686	东北证券	　10.18	-0.16	-1.547%	10.17	10.18	10.34	10.28	10.28	10.06	278,557	28,239.62	股吧
sz000690	宝新能源	　7.15	+0.03	+0.421%	7.14	7.15	7.12	7.10	7.16	7.05	122,143	8,682.70	股吧
sz000712	锦龙股份	　16.00	+0.39	+2.498%	15.99	16.00	15.61	15.35	16.05	15.02	276,721	43,008.43	股吧
sz000717	韶钢松山	　4.83	+0.02	+0.416%	4.83	4.84	4.81	4.78	4.87	4.68	485,568	23,067.93	股吧
sz000718	苏宁环球	　3.32	0.00	0.000%	3.32	3.33	3.32	3.31	3.33	3.28	83,661	2,765.31	股吧
sz000729	燕京啤酒	　8.58	+0.27	+3.249%	8.57	8.58	8.31	8.27	8.65	8.25	343,897	29,228.68	股吧
sz000732	泰禾集团	　3.86	-0.02	-0.515%	3.85	3.86	3.88	3.90	3.90	3.81	172,102	6,610.99	股吧
sz000738	航发控制	　21.06	+0.42	+2.035%	21.06	21.07	20.64	20.64	21.08	20.20	208,675	43,268.15	股吧
sz000739	普洛药业	　23.45	+0.33	+1.427%	23.45	23.46	23.12	22.90	23.94	22.81	137,006	32,102.13	股吧
sz000750	国海证券	　5.80	-0.12	-2.027%	5.80	5.81	5.92	5.85	5.96	5.71	2,411,434	139,814.26	股吧
sz000758	中色股份	　5.15	+0.14	+2.794%	5.14	5.15	5.01	5.01	5.15	4.97	435,953	22,117.53	股吧
sz000778	新兴铸管	　3.83	-0.04	-1.034%	3.83	3.84	3.87	3.88	3.88	3.81	256,711	9,822.09	股吧
sz000785	居然之家	　8.32	+0.03	+0.362%	8.31	8.32	8.29	8.29	8.35	8.22	20,232	1,675.33	股吧
sz000800	一汽解放	　12.33	-0.12	-0.964%	12.33	12.34	12.45	12.34	12.44	12.22	157,206	19,370.29	股吧
sz000807	云铝股份	　8.91	+0.26	+3.006%	8.90	8.91	8.65	8.41	8.93	8.38	1,374,206	120,088.29	股吧
sz000813	德展健康	　6.46	-0.12	-1.824%	6.46	6.47	6.58	6.57	6.60	6.44	143,378	9,300.21	股吧
sz000825	太钢不锈	　3.74	-0.01	-0.267%	3.74	3.75	3.75	3.76	3.76	3.70	166,188	6,191.72	股吧
sz000826	启迪环境	　7.56	-0.03	-0.395%	7.55	7.56	7.59	7.59	7.59	7.50	52,630	3,967.97	股吧
sz000830	鲁西化工	　13.25	+0.98	+7.987%	13.24	13.25	12.27	12.30	13.45	12.22	764,745	99,251.38	股吧
sz000848	承德露露	　7.26	+0.09	+1.255%	7.25	7.26	7.17	7.20	7.26	7.15	91,046	6,564.09	股吧
sz000869	张 裕Ａ	　38.80	+1.69	+4.554%	38.80	38.81	37.11	37.17	39.20	37.16	90,163	34,547.35	股吧
sz000877	天山股份	　16.24	+0.20	+1.247%	16.23	16.24	16.04	16.08	16.25	15.82	159,051	25,534.58	股吧
sz000878	云南铜业	　16.11	+0.48	+3.071%	16.10	16.11	15.63	15.51	16.13	15.51	442,513	70,192.61	股吧
sz000883	湖北能源	　4.00	-0.04	-0.990%	4.00	4.01	4.04	4.03	4.04	3.97	132,918	5,310.88	股吧
sz000887	中鼎股份	　12.44	+0.10	+0.810%	12.43	12.44	12.34	12.40	12.53	12.22	183,152	22,675.96	股吧
sz000898	鞍钢股份	　3.16	+0.03	+0.958%	3.15	3.16	3.13	3.14	3.16	3.08	440,162	13,721.63	股吧
sz000930	中粮科技	　9.20	+0.07	+0.767%	9.20	9.21	9.13	9.10	9.36	9.01	418,293	38,509.03	股吧
sz000932	华菱钢铁	　5.28	-0.01	-0.189%	5.28	5.29	5.29	5.28	5.29	5.20	337,305	17,704.95	股吧
sz000937	冀中能源	　3.97	+0.01	+0.253%	3.96	3.97	3.96	3.94	3.98	3.90	168,924	6,654.82	股吧
sz000959	首钢股份	　4.07	-0.02	-0.489%	4.06	4.07	4.09	4.11	4.11	4.04	151,405	6,143.65	股吧
sz000960	锡业股份	　10.79	+0.15	+1.410%	10.79	10.80	10.64	10.73	10.81	10.61	168,682	18,099.25	股吧
代码	名称	最新价	涨跌额	涨跌幅	买入	卖出	昨收	今开	最高	最低	成交量/手	成交额/万	股吧
sz000967	盈峰环境	　9.22	+0.24	+2.673%	9.21	9.22	8.98	8.99	9.23	8.98	152,691	13,923.56	股吧
sz000970	中科三环	　9.84	+0.07	+0.716%	9.83	9.84	9.77	9.77	9.86	9.70	116,869	11,447.95	股吧
sz000975	银泰黄金	　9.18	+0.02	+0.218%	9.18	9.19	9.16	9.19	9.28	9.14	203,495	18,708.24	股吧
sz000983	西山煤电	　5.64	0.00	0.000%	5.64	5.65	5.64	5.62	5.70	5.50	535,693	29,976.05	股吧
sz000987	越秀金控	　16.78	-0.39	-2.271%	16.78	16.79	17.17	17.02	17.06	16.62	345,887	58,029.01	股吧
sz000988	华工科技	　24.78	+0.15	+0.609%	24.77	24.78	24.63	24.56	24.86	24.46	108,592	26,804.86	股吧
sz000990	诚志股份	　14.27	+0.23	+1.638%	14.26	14.27	14.04	14.21	14.70	14.11	131,262	18,820.56	股吧
sz000997	新 大 陆	　15.71	+0.09	+0.576%	15.71	15.72	15.62	15.63	15.73	15.52	60,163	9,408.15	股吧
sz000998	隆平高科	　18.00	-0.31	-1.693%	18.00	18.01	18.31	18.20	18.23	17.70	284,442	51,004.34	股吧
sz000999	华润三九	　27.15	-0.19	-0.695%	27.15	27.16	27.34	27.30	27.33	27.12	41,324	11,231.09	股吧
sz001872	招商港口	　16.17	-0.22	-1.342%	16.16	16.17	16.39	16.36	16.45	16.07	21,069	3,410.85	股吧
sz001914	招商积余	　24.64	+0.81	+3.399%	24.61	24.64	23.83	23.95	24.82	23.95	88,029	21,546.58	股吧
sz002002	鸿达兴业	　3.94	0.00	0.000%	3.94	3.95	3.94	3.93	3.96	3.89	439,536	17,251.62	股吧
sz002004	华邦健康	　5.55	-0.03	-0.538%	5.54	5.55	5.58	5.56	5.56	5.49	102,556	5,668.37	股吧
sz002010	传化智联	　5.40	-0.05	-0.917%	5.40	5.41	5.45	5.44	5.44	5.37	127,589	6,888.90	股吧
sz002013	中航机电	　10.67	+0.09	+0.851%	10.67	10.68	10.58	10.55	10.71	10.37	311,943	32,824.09	股吧
sz002019	亿帆医药	　22.43	+0.20	+0.900%	22.42	22.43	22.23	22.10	22.48	21.83	107,729	23,981.54	股吧
sz002028	思源电气	　22.82	-0.08	-0.349%	22.81	22.82	22.90	22.83	23.01	22.60	73,160	16,634.07	股吧
sz002030	达安基因	　33.72	-0.28	-0.824%	33.71	33.72	34.00	33.85	33.94	33.18	165,710	55,594.60	股吧
sz002038	双鹭药业	　11.51	-0.05	-0.433%	11.51	11.53	11.56	11.65	11.67	11.47	60,016	6,919.98	股吧
sz002048	宁波华翔	　16.47	+0.01	+0.061%	16.47	16.48	16.46	16.46	16.54	16.30	69,843	11,469.09	股吧
sz002051	中工国际	　7.54	-0.06	-0.789%	7.53	7.54	7.60	7.60	7.60	7.48	30,493	2,296.02	股吧
sz002056	横店东磁	　13.54	+0.20	+1.499%	13.53	13.54	13.34	13.36	13.60	13.33	180,353	24,376.61	股吧
sz002064	华峰氨纶	　9.40	-0.11	-1.157%	9.40	9.41	9.51	9.48	9.49	9.00	324,568	30,069.25	股吧
sz002074	国轩高科	　28.66	+0.37	+1.308%	28.66	28.67	28.29	28.17	29.51	28.06	327,248	94,384.15	股吧
sz002075	沙钢股份	　12.02	-0.04	-0.332%	12.02	12.03	12.06	12.03	12.20	11.93	375,010	45,146.55	股吧
sz002078	太阳纸业	　15.38	+0.20	+1.318%	15.37	15.38	15.18	15.13	15.42	15.10	109,494	16,746.74	股吧
sz002080	中材科技	　--	0.00	0.000%	0.00	0.00	19.29	0.00	0.00	0.00	0	0.00	股吧
sz002081	金 螳 螂	　10.41	-0.09	-0.857%	10.40	10.41	10.50	10.48	10.48	10.30	134,375	13,952.07	股吧
sz002085	万丰奥威	　7.38	+0.01	+0.136%	7.37	7.38	7.37	7.36	7.43	7.28	291,841	21,513.51	股吧
sz002092	中泰化学	　6.22	+0.06	+0.974%	6.22	6.23	6.16	6.17	6.28	6.08	236,581	14,639.51	股吧
sz002093	国脉科技	　8.28	-0.04	-0.481%	8.28	8.29	8.32	8.31	8.36	8.25	42,034	3,481.36	股吧
sz002110	三钢闽光	　7.05	+0.04	+0.571%	7.05	7.06	7.01	7.01	7.06	6.91	208,741	14,570.69	股吧
sz002118	紫鑫药业	　4.06	+0.06	+1.500%	4.05	4.06	4.00	4.07	4.22	3.92	944,194	38,419.62	股吧
sz002124	天邦股份	　15.72	+0.21	+1.354%	15.72	15.73	15.51	15.57	15.74	15.40	237,227	37,023.77	股吧
sz002127	南极电商	　16.80	-0.13	-0.768%	16.80	16.81	16.93	17.08	17.14	16.70	156,729	26,342.26	股吧
sz002128	露天煤业	　11.29	-0.03	-0.265%	11.29	11.30	11.32	11.28	11.31	10.95	258,916	28,842.44	股吧
sz002131	利欧股份	　3.40	+0.02	+0.592%	3.39	3.40	3.38	3.36	3.40	3.33	1,156,027	38,815.83	股吧
sz002138	顺络电子	　27.19	+0.69	+2.604%	27.19	27.20	26.50	26.50	27.35	26.37	178,075	48,229.88	股吧
sz002152	广电运通	　11.98	-0.06	-0.498%	11.97	11.98	12.04	12.04	12.12	11.91	117,114	14,032.22	股吧
sz002155	湖南黄金	　8.68	+0.03	+0.347%	8.68	8.69	8.65	8.65	8.71	8.59	110,984	9,606.92	股吧
sz002156	通富微电	　29.51	+0.80	+2.786%	29.50	29.51	28.71	28.45	30.00	28.18	738,181	214,677.75	股吧
sz002174	游族网络	　17.05	+0.03	+0.176%	17.05	17.06	17.02	17.01	17.24	16.88	95,611	16,241.55	股吧
sz002183	怡 亚 通	　4.95	-0.09	-1.786%	4.95	4.96	5.04	5.02	5.03	4.94	161,921	8,039.00	股吧
sz002185	华天科技	　15.98	-0.37	-2.263%	15.98	15.99	16.35	16.11	16.33	15.79	946,306	151,526.35	股吧
sz002191	劲嘉股份	　10.61	+0.40	+3.918%	10.61	10.62	10.21	10.22	10.78	10.14	348,982	36,770.71	股吧
sz002195	二三四五	　2.55	-0.01	-0.391%	2.55	2.56	2.56	2.57	2.57	2.54	537,202	13,698.79	股吧
sz002203	海亮股份	　8.51	+0.15	+1.794%	8.51	8.52	8.36	8.35	8.57	8.32	88,622	7,497.83	股吧
sz002212	天融信	　22.14	-0.06	-0.270%	22.14	22.15	22.20	22.20	22.35	21.90	120,501	26,636.30	股吧
sz002217	合力泰	　4.63	-0.04	-0.857%	4.63	4.64	4.67	4.65	4.69	4.60	246,771	11,431.56	股吧
sz002221	东华能源	　11.22	+0.05	+0.448%	11.22	11.23	11.17	11.12	11.29	11.06	122,377	13,697.06	股吧
sz002223	鱼跃医疗	　28.59	+0.07	+0.245%	28.59	28.60	28.52	28.52	28.69	28.32	73,094	20,837.09	股吧
sz002233	塔牌集团	　13.65	-0.05	-0.365%	13.65	13.66	13.70	13.72	13.74	13.55	103,811	14,134.72	股吧
sz002242	九阳股份	　33.80	+0.10	+0.297%	33.79	33.80	33.70	33.77	33.92	33.37	22,470	7,573.32	股吧
sz002244	滨江集团	　5.23	+0.01	+0.192%	5.23	5.24	5.22	5.24	5.26	5.14	240,305	12,511.08	股吧
sz002249	大洋电机	　4.37	-0.08	-1.798%	4.37	4.38	4.45	4.42	4.45	4.26	921,340	39,994.86	股吧
sz002250	联化科技	　24.40	+0.30	+1.245%	24.39	24.40	24.10	24.28	24.50	24.00	56,919	13,843.22	股吧
sz002266	浙富控股	　4.56	+0.02	+0.441%	4.55	4.56	4.54	4.52	4.61	4.48	178,192	8,082.75	股吧
sz002268	卫 士 通	　19.22	-0.14	-0.723%	19.21	19.22	19.36	19.43	19.57	19.14	70,469	13,577.10	股吧
sz002273	水晶光电	　13.29	-0.05	-0.375%	13.29	13.30	13.34	13.28	13.43	13.22	139,811	18,580.16	股吧
sz002281	光迅科技	　32.13	+0.95	+3.047%	32.13	32.14	31.18	31.18	32.14	30.98	139,925	44,326.82	股吧
sz002285	世联行	　5.12	-0.03	-0.583%	5.11	5.12	5.15	5.16	5.19	5.02	239,681	12,190.38	股吧
sz002294	信立泰	　28.31	+0.44	+1.579%	28.30	28.31	27.87	28.20	28.40	28.00	40,737	11,500.18	股吧
sz002302	西部建设	　9.40	0.00	0.000%	9.40	9.41	9.40	9.42	9.43	9.37	54,360	5,105.20	股吧
sz002317	众生药业	　12.96	+0.01	+0.077%	12.95	12.96	12.95	12.96	13.11	12.84	69,329	8,969.21	股吧
sz002340	格林美	　5.27	+0.24	+4.771%	5.27	5.28	5.03	5.08	5.35	5.05	2,913,256	152,322.42	股吧
sz002353	杰瑞股份	　36.76	+0.55	+1.519%	36.76	36.77	36.21	36.38	36.98	35.90	108,967	39,695.35	股吧
sz002368	太极股份	　28.48	-0.29	-1.008%	28.48	28.49	28.77	28.61	28.96	28.37	49,306	14,097.02	股吧
sz002372	伟星新材	　20.00	+0.66	+3.413%	19.99	20.00	19.34	19.34	20.25	19.21	90,993	18,036.75	股吧
sz002373	千方科技	　20.66	-0.07	-0.338%	20.66	20.67	20.73	20.68	20.83	20.50	129,556	26,775.93	股吧
sz002375	亚厦股份	　8.64	-0.04	-0.461%	8.62	8.64	8.68	8.63	8.81	8.55	75,093	6,516.14	股吧
sz002382	蓝帆医疗	　20.63	+0.07	+0.340%	20.63	20.64	20.56	20.54	20.85	20.38	138,777	28,572.38	股吧
sz002385	大北农	　9.10	+0.06	+0.664%	9.09	9.10	9.04	9.24	9.37	9.00	3,370,990	308,524.41	股吧
sz002387	维信诺	　13.20	-0.08	-0.602%	13.20	13.21	13.28	13.22	13.26	13.03	53,120	6,973.75	股吧
sz002390	信邦制药	　7.16	+0.45	+6.706%	7.15	7.16	6.71	6.86	7.28	6.67	202,169	14,283.84	股吧
sz002396	星网锐捷	　24.46	-0.25	-1.012%	24.46	24.47	24.71	24.68	24.79	24.38	69,080	16,928.55	股吧
sz002399	海普瑞	　19.66	+0.08	+0.409%	19.65	19.66	19.58	19.68	19.70	19.50	24,187	4,742.36	股吧
sz002407	多氟多	　16.39	+0.07	+0.429%	16.38	16.39	16.32	16.55	16.59	16.01	501,008	81,382.87	股吧
sz002408	齐翔腾达	　9.10	-0.01	-0.110%	9.10	9.11	9.11	9.11	9.18	8.98	160,060	14,525.30	股吧
sz002414	高德红外	　38.12	-0.28	-0.729%	38.11	38.12	38.40	38.40	39.15	37.89	112,634	43,183.29	股吧
代码	名称	最新价	涨跌额	涨跌幅	买入	卖出	昨收	今开	最高	最低	成交量/手	成交额/万	股吧
sz002416	爱施德	　8.40	+0.06	+0.719%	8.39	8.40	8.34	8.38	8.41	8.28	101,941	8,501.55	股吧
sz002419	天虹股份	　8.71	-0.09	-1.023%	8.71	8.72	8.80	8.86	8.86	8.68	39,019	3,405.29	股吧
sz002423	中粮资本	　10.26	-0.06	-0.581%	10.26	10.27	10.32	10.38	10.40	10.14	44,172	4,531.69	股吧
sz002424	贵州百灵	　9.01	+0.19	+2.154%	9.00	9.01	8.82	8.78	9.30	8.78	193,167	17,522.59	股吧
sz002429	兆驰股份	　6.28	-0.03	-0.475%	6.28	6.29	6.31	6.28	6.39	6.23	476,255	29,978.81	股吧
sz002434	万里扬	　9.53	-0.21	-2.156%	9.52	9.53	9.74	9.70	9.72	9.45	201,662	19,228.31	股吧
sz002439	启明星辰	　30.20	+0.17	+0.566%	30.19	30.20	30.03	30.03	30.32	29.96	75,471	22,748.38	股吧
sz002440	闰土股份	　10.06	+0.05	+0.500%	10.05	10.06	10.01	10.03	10.09	9.91	79,634	7,967.43	股吧
sz002444	巨星科技	　27.79	+0.02	+0.072%	27.79	27.80	27.77	27.92	27.93	27.30	68,834	19,027.45	股吧
sz002458	益生股份	　12.51	-0.08	-0.635%	12.50	12.51	12.59	12.65	12.77	12.41	131,672	16,480.84	股吧
sz002465	海格通信	　11.98	+0.02	+0.167%	11.97	11.98	11.96	11.98	12.05	11.88	231,443	27,640.41	股吧
sz002491	通鼎互联	　4.71	+0.01	+0.213%	4.70	4.71	4.70	4.69	4.73	4.65	68,499	3,211.67	股吧
sz002500	山西证券	　8.26	-0.11	-1.314%	8.26	8.27	8.37	8.31	8.33	8.13	423,392	34,770.44	股吧
sz002503	搜于特	　2.32	-0.02	-0.855%	2.32	2.33	2.34	2.33	2.34	2.30	259,467	6,010.14	股吧
sz002505	大康农业	　2.56	-0.02	-0.775%	2.55	2.56	2.58	2.56	2.63	2.54	738,966	18,973.43	股吧
sz002506	协鑫集成	　4.16	0.00	0.000%	4.16	4.17	4.16	4.14	4.24	4.07	1,721,438	71,621.77	股吧
sz002507	涪陵榨菜	　41.99	+1.01	+2.465%	41.98	41.99	40.98	41.18	42.48	40.90	131,836	55,213.86	股吧
sz002511	中顺洁柔	　21.70	+0.42	+1.974%	21.69	21.70	21.28	21.40	21.76	21.16	229,750	49,628.21	股吧
sz002544	杰赛科技	　16.00	+0.33	+2.106%	16.00	16.01	15.67	15.62	16.08	15.60	49,728	7,892.32	股吧
sz002557	洽洽食品	　59.43	+2.47	+4.336%	59.43	59.44	56.96	56.74	60.69	56.53	98,877	58,383.88	股吧
sz002563	森马服饰	　9.60	+0.33	+3.560%	9.60	9.61	9.27	9.35	9.68	9.28	217,234	20,616.52	股吧
sz002572	索菲亚	　28.80	+0.41	+1.444%	28.80	28.81	28.39	28.45	28.89	28.00	73,261	21,005.83	股吧
sz002583	海能达	　7.11	-0.01	-0.140%	7.10	7.11	7.12	7.15	7.15	7.07	61,139	4,341.95	股吧
sz002589	瑞康医药	　5.78	-0.02	-0.345%	5.77	5.78	5.80	5.80	5.83	5.73	72,220	4,158.78	股吧
sz002595	豪迈科技	　26.27	+0.54	+2.099%	26.27	26.28	25.73	25.96	26.62	25.53	60,811	15,898.22	股吧
sz002603	以岭药业	　25.66	+0.02	+0.078%	25.66	25.67	25.64	25.64	25.86	25.52	71,343	18,318.67	股吧
sz002625	光启技术	　20.19	+0.07	+0.348%	20.19	20.20	20.12	20.02	20.26	19.95	97,594	19,638.21	股吧
sz002635	安洁科技	　19.17	+0.05	+0.262%	19.16	19.17	19.12	19.20	19.58	19.12	70,225	13,539.01	股吧
sz002640	跨境通	　6.18	-0.09	-1.435%	6.17	6.18	6.27	6.25	6.30	6.18	226,525	14,072.83	股吧
sz002648	卫星石化	　25.70	+0.18	+0.705%	25.69	25.70	25.52	25.50	25.76	25.22	107,957	27,494.63	股吧
sz002653	海思科	　20.59	+0.74	+3.728%	20.58	20.59	19.85	19.92	20.66	19.90	49,208	9,990.31	股吧
sz002665	首航高科	　2.50	-0.02	-0.794%	2.49	2.50	2.52	2.51	2.52	2.47	436,950	10,879.40	股吧
sz002670	国盛金控	　15.50	-0.47	-2.943%	15.50	15.51	15.97	15.31	17.50	15.00	2,221,333	354,371.44	股吧
sz002690	美亚光电	　47.00	0.00	0.000%	47.00	47.02	47.00	47.00	47.45	46.76	20,404	9,595.83	股吧
sz002701	奥瑞金	　5.81	0.00	0.000%	5.80	5.81	5.81	5.78	5.82	5.74	113,446	6,567.05	股吧
sz002709	天赐材料	　75.98	+2.28	+3.094%	75.98	75.99	73.70	73.70	76.57	73.21	135,743	101,805.94	股吧
sz002745	木林森	　15.05	-0.25	-1.634%	15.05	15.06	15.30	15.25	15.29	14.89	121,381	18,263.25	股吧
sz002797	第一创业	　10.79	-0.38	-3.402%	10.78	10.79	11.17	11.01	11.03	10.75	1,494,641	162,101.64	股吧
sz002807	江阴银行	　4.40	-0.14	-3.084%	4.39	4.40	4.54	4.43	4.47	4.35	458,590	20,133.36	股吧
sz002815	崇达技术	　16.82	+0.08	+0.478%	16.82	16.83	16.74	16.74	16.96	16.70	41,040	6,907.67	股吧
sz002818	富森美	　16.39	+0.18	+1.110%	16.38	16.39	16.21	16.32	16.48	16.03	31,295	5,107.68	股吧
sz002821	凯莱英	　263.00	+7.97	+3.125%	263.00	263.18	255.03	255.80	264.77	253.00	26,267	68,554.89	股吧
sz002831	裕同科技	　28.62	-0.41	-1.412%	28.62	28.63	29.03	29.35	29.37	28.37	74,340	21,295.73	股吧
sz002839	张家港行	　6.39	-0.31	-4.627%	6.38	6.39	6.70	6.50	6.55	6.36	570,209	36,640.41	股吧
sz002867	周大生	　27.21	+0.04	+0.147%	27.20	27.21	27.17	26.89	27.25	26.88	16,902	4,574.06	股吧
sz002901	大博医疗	　73.44	+0.94	+1.297%	73.42	73.44	72.50	72.53	73.86	72.00	19,113	14,011.41	股吧
sz002920	德赛西威	　73.48	+0.36	+0.492%	73.46	73.48	73.12	72.46	74.50	71.88	23,562	17,330.76	股吧
sz002925	盈趣科技	　65.26	-0.67	-1.016%	65.25	65.29	65.93	65.60	65.66	64.69	21,859	14,239.92	股吧
sz002926	华西证券	　12.79	-0.27	-2.067%	12.78	12.79	13.06	12.93	12.97	12.67	309,214	39,514.57	股吧
sz002936	郑州银行	　4.18	-0.24	-5.430%	4.17	4.18	4.42	4.15	4.36	4.11	2,582,345	108,595.48	股吧
sz002941	新疆交建	　13.23	-0.11	-0.825%	13.22	13.23	13.34	13.20	13.33	13.20	48,210	6,385.63	股吧
sz002946	新乳业	　18.73	+0.55	+3.025%	18.73	18.74	18.18	18.10	18.85	18.10	56,925	10,540.65	股吧
sz002948	青岛银行	　6.70	-0.51	-7.074%	6.70	6.71	7.21	7.27	7.60	6.58	3,639,692	262,626.59	股吧
sz002957	科瑞技术	　23.10	+0.14	+0.610%	23.10	23.11	22.96	22.96	23.15	22.85	9,158	2,110.11	股吧
sz300001	特锐德	　25.97	-0.47	-1.778%	25.97	25.98	26.44	26.11	26.57	25.70	199,393	51,864.21	股吧
sz300002	神州泰岳	　6.15	0.00	0.000%	6.14	6.15	6.15	6.17	6.24	6.06	346,719	21,244.02	股吧
sz300009	安科生物	　16.10	+0.11	+0.688%	16.10	16.11	15.99	15.90	16.18	15.86	108,821	17,440.55	股吧
sz300010	豆神教育	　12.34	-0.27	-2.141%	12.34	12.35	12.61	12.59	12.69	12.28	117,974	14,625.10	股吧
sz300012	华测检测	　25.07	+0.16	+0.642%	25.06	25.07	24.91	24.89	25.15	24.84	63,423	15,839.05	股吧
sz300017	网宿科技	　7.80	+0.01	+0.128%	7.79	7.80	7.79	7.81	7.81	7.72	201,317	15,624.16	股吧
sz300024	机器人	　13.74	+0.02	+0.146%	13.73	13.74	13.72	13.74	13.77	13.64	65,194	8,930.90	股吧
sz300026	红日药业	　5.15	-0.03	-0.579%	5.15	5.16	5.18	5.18	5.19	5.13	238,689	12,297.78	股吧
sz300058	蓝色光标	　6.57	-0.06	-0.905%	6.57	6.58	6.63	6.61	6.64	6.53	194,646	12,793.42	股吧
sz300070	碧水源	　8.66	+0.02	+0.231%	8.65	8.66	8.64	8.64	8.67	8.56	166,094	14,308.74	股吧
sz300072	三聚环保	　6.44	+0.03	+0.468%	6.44	6.45	6.41	6.36	6.49	6.31	154,801	9,915.52	股吧
sz300088	长信科技	　10.16	+0.01	+0.099%	10.15	10.16	10.15	10.09	10.22	10.06	315,788	31,998.34	股吧
sz300113	顺网科技	　17.74	-0.47	-2.581%	17.73	17.74	18.21	18.16	18.35	17.70	126,199	22,639.56	股吧
sz300115	长盈精密	　26.29	-0.25	-0.942%	26.29	26.30	26.54	26.54	26.65	26.03	136,495	35,916.28	股吧
sz300133	华策影视	　7.08	-0.05	-0.701%	7.08	7.09	7.13	7.15	7.16	7.08	158,642	11,267.33	股吧
sz300134	大富科技	　12.13	-0.02	-0.165%	12.12	12.13	12.15	12.13	12.27	12.08	42,295	5,144.82	股吧
sz300166	东方国信	　12.66	-0.09	-0.706%	12.66	12.67	12.75	12.78	12.78	12.61	91,471	11,596.51	股吧
sz300168	万达信息	　23.20	-0.20	-0.855%	23.19	23.20	23.40	23.54	23.65	23.09	111,724	25,977.79	股吧
sz300180	华峰超纤	　6.76	-0.02	-0.295%	6.76	6.77	6.78	6.78	6.83	6.71	138,280	9,337.46	股吧
sz300182	捷成股份	　5.16	-0.04	-0.769%	5.16	5.18	5.20	5.24	5.24	5.14	369,558	19,140.57	股吧
sz300197	铁汉生态	　3.33	-0.05	-1.479%	3.32	3.33	3.38	3.38	3.38	3.29	211,841	7,047.55	股吧
sz300207	欣旺达	　27.32	+0.04	+0.147%	27.30	27.32	27.28	27.21	27.70	27.15	183,269	50,140.77	股吧
sz300212	易华录	　29.50	-0.28	-0.940%	29.48	29.50	29.78	29.77	29.90	29.15	32,808	9,646.50	股吧
sz300244	迪安诊断	　35.43	+0.73	+2.104%	35.43	35.45	34.70	34.65	35.60	34.25	101,815	35,766.48	股吧
sz300251	光线传媒	　13.58	+0.10	+0.742%	13.58	13.59	13.48	13.48	13.61	13.28	147,728	19,940.64	股吧
sz300253	卫宁健康	　17.46	-0.09	-0.513%	17.46	17.47	17.55	17.37	17.57	17.12	317,159	55,053.18	股吧
代码	名称	最新价	涨跌额	涨跌幅	买入	卖出	昨收	今开	最高	最低	成交量/手	成交额/万	股吧
sz300257	开山股份	　14.65	-0.22	-1.479%	14.63	14.65	14.87	14.87	14.94	14.56	25,945	3,805.45	股吧
sz300271	华宇软件	　26.58	+0.26	+0.988%	26.58	26.59	26.32	26.44	26.84	26.26	91,041	24,195.48	股吧
sz300274	阳光电源	　47.00	-0.75	-1.571%	47.00	47.01	47.75	47.49	48.30	46.10	262,680	123,575.42	股吧
sz300285	国瓷材料	　39.00	-0.79	-1.985%	39.00	39.02	39.79	39.40	39.49	38.65	62,862	24,498.52	股吧
sz300296	利亚德	　7.47	-0.64	-7.891%	7.46	7.47	8.11	7.84	7.89	7.42	1,348,674	102,066.54	股吧
sz300315	掌趣科技	　6.40	-0.13	-1.991%	6.39	6.40	6.53	6.50	6.52	6.35	624,940	39,997.90	股吧
sz300316	晶盛机电	　29.84	+0.04	+0.134%	29.84	29.85	29.80	29.67	30.00	29.31	119,284	35,416.71	股吧
sz300324	旋极信息	　4.93	-0.06	-1.202%	4.92	4.93	4.99	5.00	5.02	4.88	258,033	12,706.18	股吧
sz300357	我武生物	　63.10	+0.95	+1.529%	63.09	63.10	62.15	61.93	63.13	61.61	24,356	15,268.38	股吧
sz300376	易事特	　8.86	-0.18	-1.991%	8.86	8.87	9.04	8.91	9.08	8.85	399,562	35,624.09	股吧
sz300418	昆仑万维	　22.83	+0.05	+0.219%	22.83	22.84	22.78	22.77	22.89	22.44	127,164	28,858.61	股吧
sz300459	金科文化	　4.12	+0.02	+0.488%	4.11	4.12	4.10	4.11	4.17	4.07	776,941	31,984.25	股吧
sz300474	景嘉微	　61.80	+0.31	+0.504%	61.79	61.80	61.49	61.50	62.34	61.05	22,318	13,771.94	股吧
sz300482	万孚生物	　70.85	+1.50	+2.163%	70.84	70.85	69.35	70.00	71.40	69.46	55,695	39,244.49	股吧
sz300496	中科创达	　90.95	+2.03	+2.283%	90.95	90.96	88.92	89.20	91.75	89.20	57,683	52,360.95	股吧
sz300558	贝达药业	　98.05	+0.88	+0.906%	98.04	98.05	97.17	96.13	98.48	95.95	31,608	30,779.70	股吧
sz300595	欧普康视	　71.51	+0.54	+0.761%	71.50	71.51	70.97	70.16	71.59	69.70	48,292	34,337.21	股吧
sz300618	寒锐钴业	　69.01	+1.83	+2.724%	69.00	69.01	67.18	66.88	69.35	66.28	81,325	55,180.80	股吧
sz300630	普利制药	　43.31	+0.31	+0.721%	43.31	43.32	43.00	42.80	43.45	42.70	22,841	9,867.25	股吧
