代码	名称	最新价	涨跌额	涨跌幅	买入	卖出	昨收	今开	最高	最低	成交量/手	成交额/万	股吧
sh600006	东风汽车	　5.76	+0.04	+0.699%	5.76	5.77	5.72	5.73	5.83	5.63	372,870	21,348.70	股吧
sh600008	首创股份	　2.91	-0.03	-1.020%	2.91	2.92	2.94	2.94	2.95	2.89	346,703	10,108.86	股吧
sh600021	上海电力	　7.08	-0.08	-1.117%	7.08	7.09	7.16	7.18	7.21	7.00	91,318	6,461.85	股吧
sh600022	山东钢铁	　1.42	-0.02	-1.389%	1.42	1.43	1.44	1.44	1.46	1.41	1,074,368	15,428.76	股吧
sh600026	中远海能	　6.40	-0.13	-1.991%	6.40	6.41	6.53	6.53	6.56	6.37	225,216	14,521.88	股吧
sh600037	歌华有线	　10.19	-0.11	-1.068%	10.18	10.19	10.30	10.33	10.35	9.91	135,027	13,647.55	股吧
sh600038	中直股份	　50.94	-0.61	-1.183%	50.72	50.94	51.55	51.93	51.93	49.85	109,734	55,474.47	股吧
sh600039	四川路桥	　4.59	-0.02	-0.434%	4.58	4.59	4.61	4.61	4.64	4.52	211,407	9,657.37	股吧
sh600053	九鼎投资	　20.56	-0.86	-4.015%	20.56	20.57	21.42	21.44	21.58	20.20	30,274	6,246.40	股吧
sh600056	中国医药	　14.69	-0.32	-2.132%	14.69	14.70	15.01	15.00	15.00	14.59	101,548	15,007.05	股吧
sh600060	海信视像	　10.68	+0.09	+0.850%	10.68	10.69	10.59	10.55	10.76	10.46	181,145	19,217.75	股吧
sh600062	华润双鹤	　12.04	-0.25	-2.034%	12.04	12.05	12.29	12.31	12.34	11.98	81,191	9,840.40	股吧
sh600064	南京高科	　10.26	-0.16	-1.536%	10.26	10.27	10.42	10.41	10.48	10.17	81,567	8,413.76	股吧
sh600073	上海梅林	　9.52	-0.38	-3.838%	9.52	9.53	9.90	9.84	9.91	9.48	150,870	14,554.85	股吧
sh600079	人福医药	　31.94	-1.36	-4.084%	31.85	31.94	33.30	33.20	33.45	31.47	104,180	33,689.87	股吧
sh600089	特变电工	　8.04	-0.11	-1.350%	8.04	8.05	8.15	8.16	8.19	7.80	755,164	59,902.31	股吧
sh600094	大名城	　4.34	-0.11	-2.472%	4.34	4.35	4.45	4.45	4.46	4.30	154,231	6,734.45	股吧
sh600120	浙江东方	　6.26	-0.15	-2.340%	6.26	6.27	6.41	6.44	6.44	6.21	157,323	9,905.47	股吧
sh600126	杭钢股份	　5.45	-0.19	-3.369%	5.45	5.46	5.64	5.67	5.72	5.41	189,552	10,468.01	股吧
sh600131	国网信通	　17.67	-0.22	-1.230%	17.67	17.68	17.89	17.91	17.97	17.45	66,263	11,703.15	股吧
sh600132	重庆啤酒	　119.28	+1.54	+1.308%	119.23	119.28	117.74	118.88	121.00	117.11	21,129	25,151.53	股吧
sh600141	兴发集团	　11.60	-0.12	-1.024%	11.59	11.60	11.72	11.73	11.97	11.33	249,708	28,993.69	股吧
sh600143	金发科技	　16.86	-0.18	-1.056%	16.86	16.87	17.04	17.12	17.35	16.70	354,609	60,152.44	股吧
sh600153	建发股份	　8.76	-0.32	-3.524%	8.75	8.76	9.08	9.09	9.14	8.76	196,539	17,670.59	股吧
sh600155	华创阳安	　12.83	-0.31	-2.359%	12.83	12.84	13.14	13.03	13.15	12.61	432,195	55,698.02	股吧
sh600158	中体产业	　14.50	+0.66	+4.769%	14.50	14.52	13.84	13.70	15.05	13.70	560,385	81,575.20	股吧
sh600160	巨化股份	　7.50	+0.11	+1.488%	7.50	7.51	7.39	7.37	7.57	7.30	321,769	23,965.02	股吧
sh600166	福田汽车	　3.23	+0.04	+1.254%	3.23	3.24	3.19	3.19	3.26	3.18	1,396,081	44,909.93	股吧
sh600167	联美控股	　12.22	-0.19	-1.531%	12.20	12.22	12.41	12.45	12.47	12.01	52,757	6,426.06	股吧
sh600170	上海建工	　3.10	+0.06	+1.974%	3.10	3.11	3.04	3.04	3.10	3.01	598,743	18,220.68	股吧
sh600171	上海贝岭	　14.59	-0.68	-4.453%	14.58	14.59	15.27	15.30	15.30	14.59	196,052	29,042.43	股吧
sh600188	兖州煤业	　10.70	-0.21	-1.925%	10.70	10.72	10.91	11.20	11.33	10.65	763,615	83,533.01	股吧
sh600195	中牧股份	　12.40	-0.29	-2.285%	12.40	12.41	12.69	12.69	12.71	12.27	135,939	16,874.77	股吧
sh600201	生物股份	　21.54	-0.82	-3.667%	21.54	21.55	22.36	22.35	22.45	21.30	151,578	32,947.77	股吧
sh600216	浙江医药	　13.83	-0.27	-1.915%	13.83	13.85	14.10	14.07	14.07	13.71	124,741	17,286.47	股吧
sh600219	南山铝业	　2.68	+0.02	+0.752%	2.67	2.68	2.66	2.68	2.72	2.59	1,837,562	48,756.15	股吧
sh600256	广汇能源	　2.92	-0.04	-1.351%	2.92	2.93	2.96	2.99	3.00	2.90	367,995	10,822.28	股吧
sh600258	首旅酒店	　23.38	-0.64	-2.664%	23.38	23.39	24.02	24.07	24.17	23.25	98,277	23,165.78	股吧
sh600259	广晟有色	　30.23	-0.87	-2.797%	30.22	30.23	31.10	31.31	31.65	30.06	45,983	14,134.60	股吧
sh600260	凯乐科技	　11.18	-0.15	-1.324%	11.18	11.19	11.33	11.28	11.30	11.10	94,718	10,580.90	股吧
sh600266	城建发展	　5.43	-0.04	-0.731%	5.43	5.45	5.47	5.47	5.52	5.43	37,850	2,066.38	股吧
sh600273	嘉化能源	　10.07	-0.39	-3.728%	10.07	10.09	10.46	10.58	10.58	9.92	245,281	24,938.35	股吧
sh600277	亿利洁能	　3.15	-0.07	-2.174%	3.15	3.16	3.22	3.21	3.23	3.14	216,437	6,859.17	股吧
sh600282	南钢股份	　3.34	+0.04	+1.212%	3.34	3.35	3.30	3.34	3.37	3.28	906,942	30,089.48	股吧
sh600291	西水股份	　5.71	-0.23	-3.872%	5.70	5.71	5.94	5.88	5.95	5.68	345,207	19,921.31	股吧
sh600307	酒钢宏兴	　1.68	0.00	0.000%	1.67	1.68	1.68	1.70	1.77	1.65	1,102,105	18,823.81	股吧
sh600312	平高电气	　6.99	-0.26	-3.586%	6.99	7.00	7.25	7.08	7.16	6.90	246,702	17,263.00	股吧
sh600315	上海家化	　37.95	-1.00	-2.567%	37.95	38.00	38.95	38.60	39.08	37.49	33,431	12,773.83	股吧
sh600316	洪都航空	　36.20	-0.65	-1.764%	36.20	36.21	36.85	36.60	36.80	35.37	209,351	75,459.79	股吧
sh600325	华发股份	　6.30	+0.03	+0.478%	6.27	6.30	6.27	6.29	6.31	6.19	199,199	12,461.34	股吧
sh600329	中新药业	　17.49	+0.80	+4.793%	17.48	17.49	16.69	16.69	17.68	16.58	85,148	14,646.32	股吧
sh600338	西藏珠峰	　8.81	-0.46	-4.962%	8.80	8.81	9.27	9.44	9.53	8.64	301,161	27,047.61	股吧
sh600339	中油工程	　2.95	-0.03	-1.007%	2.95	2.96	2.98	3.05	3.05	2.94	168,100	5,017.86	股吧
sh600348	阳泉煤业	　5.32	-0.07	-1.299%	5.31	5.32	5.39	5.48	5.58	5.32	516,918	28,243.94	股吧
sh600350	山东高速	　6.69	+0.16	+2.450%	6.69	6.70	6.53	6.55	6.69	6.42	111,274	7,284.74	股吧
sh600372	中航电子	　16.69	-0.34	-1.996%	16.69	16.70	17.03	17.03	17.09	16.22	261,100	43,400.24	股吧
sh600373	中文传媒	　11.02	-0.26	-2.305%	11.02	11.03	11.28	11.28	11.31	11.02	68,098	7,560.17	股吧
sh600376	首开股份	　6.15	0.00	0.000%	6.15	6.16	6.15	6.15	6.16	5.99	67,814	4,106.10	股吧
sh600380	健康元	　15.06	+0.43	+2.939%	15.05	15.06	14.63	14.68	15.48	14.67	339,045	51,395.98	股吧
sh600388	龙净环保	　9.29	-0.30	-3.128%	9.28	9.29	9.59	9.64	9.64	9.20	124,411	11,658.32	股吧
sh600392	盛和资源	　8.13	-0.52	-6.012%	8.13	8.14	8.65	8.72	8.78	8.01	794,062	65,994.21	股吧
sh600398	海澜之家	　6.72	+0.10	+1.511%	6.72	6.73	6.62	6.62	6.72	6.54	162,582	10,760.25	股吧
sh600409	三友化工	　8.38	-0.10	-1.179%	8.38	8.39	8.48	8.58	8.69	8.20	331,943	28,053.25	股吧
sh600410	华胜天成	　9.40	-0.33	-3.392%	9.40	9.41	9.73	9.75	9.78	9.30	198,636	18,831.30	股吧
sh600415	小商品城	　5.11	-0.24	-4.486%	5.11	5.13	5.35	5.36	5.37	5.10	300,763	15,652.58	股吧
sh600418	江淮汽车	　12.24	+1.11	+9.973%	12.24	0.00	11.13	11.26	12.24	11.05	3,194,326	374,006.40	股吧
sh600426	华鲁恒升	　34.72	+0.08	+0.231%	34.72	34.73	34.64	35.00	36.33	34.28	153,906	54,337.14	股吧
sh600435	北方导航	　8.28	-0.14	-1.663%	8.27	8.28	8.42	8.43	8.45	8.20	155,362	12,901.39	股吧
sh600446	金证股份	　16.81	-0.58	-3.335%	16.81	16.82	17.39	17.39	17.50	16.78	126,275	21,439.19	股吧
sh600460	士兰微	　19.88	-0.22	-1.095%	19.88	19.89	20.10	20.09	20.17	19.33	858,333	169,469.10	股吧
sh600466	蓝光发展	　4.91	-0.06	-1.207%	4.90	4.91	4.97	4.96	4.98	4.86	182,844	8,980.89	股吧
sh600486	扬农化工	　117.83	-1.96	-1.636%	117.83	118.00	119.79	120.00	121.46	116.30	24,643	29,297.20	股吧
sh600497	驰宏锌锗	　4.57	-0.02	-0.436%	4.56	4.57	4.59	4.73	4.78	4.50	856,074	39,622.17	股吧
sh600500	中化国际	　5.03	-0.13	-2.519%	5.03	5.04	5.16	5.16	5.21	4.99	245,092	12,406.30	股吧
sh600507	方大特钢	　6.64	-0.12	-1.775%	6.64	6.65	6.76	6.84	6.92	6.38	731,441	48,010.31	股吧
sh600511	国药股份	　61.37	+2.67	+4.549%	61.37	61.38	58.70	57.50	62.95	57.11	629,302	380,528.28	股吧
sh600515	海航基础	　6.12	-0.27	-4.225%	6.12	6.13	6.39	6.36	6.39	6.07	463,806	28,722.29	股吧
sh600516	方大炭素	　6.70	-0.09	-1.325%	6.67	6.70	6.79	6.86	6.90	6.55	671,736	44,973.66	股吧
sh600517	国网英大	　5.72	-0.26	-4.348%	5.72	5.73	5.98	5.98	6.02	5.65	329,036	19,072.89	股吧
sh600528	中铁工业	　9.14	+0.01	+0.110%	9.13	9.14	9.13	9.12	9.19	9.07	73,797	6,731.68	股吧
代码	名称	最新价	涨跌额	涨跌幅	买入	卖出	昨收	今开	最高	最低	成交量/手	成交额/万	股吧
sh600529	山东药玻	　49.95	+0.04	+0.080%	49.95	49.96	49.91	49.79	51.50	48.58	421,160	209,997.93	股吧
sh600535	天士力	　15.34	-0.47	-2.973%	15.34	15.35	15.81	15.85	15.88	15.26	103,104	15,939.46	股吧
sh600545	卓郎智能	　3.85	-0.16	-3.990%	3.85	3.86	4.01	4.03	4.03	3.85	139,773	5,483.97	股吧
sh600546	山煤国际	　8.79	0.00	0.000%	8.79	8.80	8.79	8.71	9.15	8.35	1,453,269	127,703.34	股吧
sh600549	厦门钨业	　14.47	-0.37	-2.493%	14.46	14.47	14.84	14.99	15.17	14.25	190,204	27,932.40	股吧
sh600556	天下秀	　13.36	-0.04	-0.299%	13.36	13.46	13.40	13.36	13.65	13.30	74,458	10,022.11	股吧
sh600563	法拉电子	　93.98	-0.79	-0.834%	93.82	93.98	94.77	93.80	94.34	91.00	31,149	28,892.76	股吧
sh600566	济川药业	　21.56	-0.26	-1.192%	21.56	21.59	21.82	21.82	21.91	21.51	29,411	6,375.87	股吧
sh600567	山鹰国际	　3.11	-0.05	-1.582%	3.11	3.12	3.16	3.16	3.17	3.09	437,176	13,629.99	股吧
sh600572	康恩贝	　5.07	+0.03	+0.595%	5.04	5.07	5.04	5.03	5.07	4.98	223,395	11,189.93	股吧
sh600575	淮河能源	　2.19	-0.03	-1.351%	2.19	2.20	2.22	2.23	2.24	2.18	334,758	7,373.90	股吧
sh600580	卧龙电驱	　13.92	-0.19	-1.347%	13.92	13.93	14.11	14.10	14.32	13.70	298,518	41,556.70	股吧
sh600582	天地科技	　3.20	+0.01	+0.313%	3.19	3.20	3.19	3.18	3.28	3.16	213,512	6,845.61	股吧
sh600597	光明乳业	　14.92	-0.34	-2.228%	14.92	14.93	15.26	15.25	15.30	14.75	133,545	19,971.80	股吧
sh600598	北大荒	　17.10	+0.07	+0.411%	17.10	17.11	17.03	16.99	17.23	16.85	140,783	23,993.04	股吧
sh600623	华谊集团	　6.30	-0.30	-4.545%	6.30	6.31	6.60	6.57	6.68	6.27	292,008	18,760.89	股吧
sh600633	浙数文化	　8.49	-0.29	-3.303%	8.49	8.50	8.78	8.78	8.79	8.36	103,900	8,854.64	股吧
sh600639	浦东金桥	　12.90	0.00	0.000%	12.90	12.93	12.90	12.83	13.04	12.73	46,188	5,950.63	股吧
sh600640	号百控股	　13.49	-0.83	-5.796%	13.49	13.50	14.32	14.34	14.47	13.24	65,704	8,947.04	股吧
sh600642	申能股份	　5.34	-0.05	-0.928%	5.34	5.35	5.39	5.38	5.38	5.20	173,961	9,163.62	股吧
sh600643	爱建集团	　7.93	-0.13	-1.613%	7.93	7.94	8.06	8.09	8.09	7.88	107,807	8,573.39	股吧
sh600645	中源协和	　20.44	-0.31	-1.494%	20.44	20.45	20.75	20.77	21.03	20.29	66,592	13,728.83	股吧
sh600648	外高桥	　14.25	+0.10	+0.707%	14.24	14.25	14.15	14.15	14.25	13.87	57,209	8,005.32	股吧
sh600649	城投控股	　5.51	-0.04	-0.721%	5.50	5.51	5.55	5.55	5.57	5.43	78,612	4,322.02	股吧
sh600657	信达地产	　4.23	-0.11	-2.535%	4.23	4.24	4.34	4.37	4.37	4.21	67,780	2,901.95	股吧
sh600664	哈药股份	　3.25	-0.03	-0.915%	3.25	3.26	3.28	3.27	3.32	3.24	102,890	3,365.76	股吧
sh600667	太极实业	　9.92	-0.31	-3.030%	9.92	9.93	10.23	10.21	10.23	9.82	371,724	36,950.07	股吧
sh600673	东阳光	　5.35	-0.02	-0.372%	5.35	5.36	5.37	5.37	5.44	5.30	104,978	5,627.53	股吧
sh600675	中华企业	　3.68	-0.06	-1.604%	3.68	3.69	3.74	3.72	3.74	3.68	46,239	1,713.13	股吧
sh600699	均胜电子	　23.49	-0.10	-0.424%	23.48	23.49	23.59	23.66	23.85	23.21	104,642	24,492.12	股吧
sh600704	物产中大	　4.59	+0.04	+0.879%	4.58	4.59	4.55	4.55	4.59	4.52	276,564	12,595.12	股吧
sh600707	彩虹股份	　6.30	+0.04	+0.639%	6.30	6.31	6.26	6.20	6.35	6.12	1,105,511	69,174.08	股吧
sh600717	天津港	　4.60	-0.09	-1.919%	4.60	4.62	4.69	4.69	4.70	4.59	87,146	4,035.07	股吧
sh600718	东软集团	　10.95	-0.13	-1.173%	10.95	10.96	11.08	11.08	11.20	10.90	91,256	10,065.27	股吧
sh600728	佳都科技	　8.36	-0.40	-4.566%	8.35	8.36	8.76	8.70	8.77	8.28	276,294	23,321.87	股吧
sh600729	重庆百货	　29.54	+0.09	+0.306%	29.53	29.54	29.45	29.44	29.69	29.18	22,084	6,494.69	股吧
sh600733	北汽蓝谷	　7.81	-0.30	-3.699%	7.81	7.83	8.11	8.08	8.26	7.81	564,117	44,937.36	股吧
sh600737	中粮糖业	　8.60	0.00	0.000%	8.60	8.61	8.60	8.63	8.66	8.49	208,373	17,876.74	股吧
sh600739	辽宁成大	　24.51	+0.09	+0.369%	24.51	24.53	24.42	24.57	24.68	24.21	236,833	57,975.07	股吧
sh600748	上实发展	　5.11	-0.05	-0.969%	5.10	5.11	5.16	5.17	5.18	5.07	71,670	3,659.93	股吧
sh600754	锦江酒店	　50.10	-1.27	-2.472%	50.10	50.14	51.37	51.80	51.82	49.61	28,003	14,134.31	股吧
sh600755	厦门国贸	　6.86	-0.05	-0.724%	6.85	6.86	6.91	6.91	6.93	6.79	122,193	8,355.09	股吧
sh600765	中航重机	　18.48	-2.05	-9.985%	0.00	18.48	20.53	20.22	20.90	18.48	544,561	106,924.22	股吧
sh600776	东方通信	　12.37	-0.15	-1.198%	12.36	12.37	12.52	12.50	12.51	12.20	50,843	6,271.25	股吧
sh600782	新钢股份	　4.55	-0.19	-4.008%	4.54	4.55	4.74	4.78	4.82	4.52	605,651	28,154.65	股吧
sh600787	中储股份	　4.61	-0.04	-0.860%	4.61	4.62	4.65	4.65	4.65	4.58	50,598	2,330.03	股吧
sh600801	华新水泥	　22.96	-0.63	-2.671%	22.95	22.96	23.59	23.64	23.74	22.81	130,108	30,133.52	股吧
sh600804	鹏博士	　7.15	-0.16	-2.189%	7.15	7.16	7.31	7.30	7.35	7.03	231,399	16,568.99	股吧
sh600808	马钢股份	　2.78	+0.04	+1.460%	2.77	2.78	2.74	2.76	2.80	2.68	658,306	17,978.94	股吧
sh600811	东方集团	　3.75	-0.12	-3.101%	3.74	3.75	3.87	3.87	3.89	3.72	275,895	10,443.38	股吧
sh600820	隧道股份	　5.61	-0.02	-0.355%	5.61	5.62	5.63	5.62	5.69	5.61	98,784	5,564.76	股吧
sh600823	世茂股份	　5.63	-0.06	-1.054%	5.62	5.63	5.69	5.71	5.88	5.63	221,823	12,825.69	股吧
sh600827	百联股份	　13.17	+0.12	+0.920%	13.17	13.20	13.05	12.98	13.92	12.98	261,277	34,974.09	股吧
sh600835	上海机电	　19.10	-0.07	-0.365%	19.00	19.10	19.17	19.22	19.30	18.53	61,129	11,513.18	股吧
sh600839	四川长虹	　3.01	0.00	0.000%	3.00	3.01	3.01	3.01	3.07	2.93	716,431	21,403.22	股吧
sh600859	王府井	　30.88	-1.38	-4.278%	30.87	30.88	32.26	32.25	32.45	30.60	141,672	44,341.09	股吧
sh600862	中航高科	　24.51	-0.51	-2.038%	24.51	24.68	25.02	25.02	25.45	24.50	130,332	32,472.41	股吧
sh600863	内蒙华电	　2.55	-0.01	-0.391%	2.55	2.56	2.56	2.56	2.57	2.55	99,613	2,550.04	股吧
sh600867	通化东宝	　13.32	-0.12	-0.893%	13.32	13.33	13.44	13.40	13.43	12.50	510,198	65,919.48	股吧
sh600869	智慧能源	　3.71	-0.09	-2.368%	3.71	3.72	3.80	3.81	3.81	3.67	159,844	5,944.38	股吧
sh600871	石化油服	　2.20	+0.02	+0.917%	2.20	2.21	2.18	2.25	2.32	2.12	1,343,132	29,536.28	股吧
sh600875	东方电气	　9.90	-0.29	-2.846%	9.90	9.91	10.19	10.16	10.26	9.80	287,605	28,580.16	股吧
sh600879	航天电子	　6.40	-0.17	-2.588%	6.40	6.41	6.57	6.56	6.58	6.36	390,789	25,174.62	股吧
sh600881	亚泰集团	　3.08	-0.07	-2.222%	3.08	3.09	3.15	3.15	3.17	3.06	105,947	3,290.07	股吧
sh600884	杉杉股份	　15.93	-0.15	-0.933%	15.92	15.93	16.08	15.98	16.15	15.55	552,937	87,465.45	股吧
sh600885	宏发股份	　49.45	-0.46	-0.922%	49.45	49.49	49.91	50.01	50.46	49.09	49,770	24,810.83	股吧
sh600895	张江高科	　17.80	-0.12	-0.670%	17.80	17.82	17.92	17.86	17.97	17.76	69,476	12,402.90	股吧
sh600901	江苏租赁	　5.63	-0.10	-1.745%	5.63	5.65	5.73	5.75	5.75	5.60	115,663	6,528.57	股吧
sh600903	贵州燃气	　12.09	-0.09	-0.739%	12.09	12.10	12.18	12.30	12.30	11.98	115,208	13,909.56	股吧
sh600908	无锡银行	　5.84	-0.05	-0.849%	5.83	5.84	5.89	5.90	5.94	5.81	166,942	9,770.07	股吧
sh600909	华安证券	　7.88	-0.04	-0.505%	7.88	7.89	7.92	7.91	7.92	7.81	420,195	33,061.54	股吧
sh600917	重庆燃气	　7.13	+0.01	+0.140%	7.12	7.13	7.12	7.10	7.14	7.05	31,106	2,209.06	股吧
sh600928	西安银行	　5.61	+0.08	+1.447%	5.61	5.62	5.53	5.50	5.62	5.47	511,398	28,432.35	股吧
sh600959	江苏有线	　3.44	-0.05	-1.433%	3.43	3.44	3.49	3.49	3.49	3.39	263,924	9,057.58	股吧
sh600967	内蒙一机	　9.58	-0.23	-2.345%	9.57	9.58	9.81	9.81	9.82	9.51	176,343	16,992.06	股吧
sh600968	海油发展	　2.50	+0.04	+1.626%	2.49	2.50	2.46	2.48	2.50	2.45	681,546	16,895.07	股吧
sh600970	中材国际	　7.13	-0.13	-1.791%	7.12	7.13	7.26	7.30	7.33	7.02	249,334	17,779.06	股吧
sh600985	淮北矿业	　11.33	-0.36	-3.080%	11.32	11.33	11.69	11.85	11.98	11.33	261,046	30,379.93	股吧
sh601000	唐山港	　2.47	-0.03	-1.200%	2.46	2.47	2.50	2.49	2.52	2.45	329,192	8,157.94	股吧
sh601003	柳钢股份	　5.24	+0.07	+1.354%	5.24	5.25	5.17	5.20	5.24	5.14	284,581	14,794.83	股吧
代码	名称	最新价	涨跌额	涨跌幅	买入	卖出	昨收	今开	最高	最低	成交量/手	成交额/万	股吧
sh601005	重庆钢铁	　1.54	-0.03	-1.911%	1.54	1.55	1.57	1.57	1.60	1.53	720,188	11,213.90	股吧
sh601016	节能风电	　2.71	-0.03	-1.095%	2.70	2.71	2.74	2.72	2.73	2.66	390,397	10,495.01	股吧
sh601068	中铝国际	　3.66	-0.07	-1.877%	3.63	3.66	3.73	3.73	3.75	3.59	60,530	2,207.16	股吧
sh601098	中南传媒	　10.31	-0.11	-1.056%	10.29	10.31	10.42	10.45	10.47	10.17	68,565	7,048.25	股吧
sh601099	太平洋	　3.81	-0.07	-1.804%	3.81	3.82	3.88	3.87	3.88	3.77	1,288,703	49,168.23	股吧
sh601106	中国一重	　2.91	-0.04	-1.356%	2.90	2.91	2.95	2.94	2.96	2.87	190,775	5,539.98	股吧
sh601118	海南橡胶	　5.02	-0.04	-0.791%	5.02	5.03	5.06	5.08	5.15	4.97	298,419	15,025.01	股吧
sh601127	小康股份	　16.19	+0.24	+1.505%	16.19	16.20	15.95	16.07	16.40	15.25	462,729	73,516.54	股吧
sh601128	常熟银行	　7.11	-0.08	-1.113%	7.11	7.12	7.19	7.16	7.24	7.10	215,541	15,407.25	股吧
sh601139	深圳燃气	　7.24	-0.12	-1.630%	7.24	7.25	7.36	7.37	7.42	7.20	111,631	8,135.45	股吧
sh601168	西部矿业	　13.03	+0.20	+1.559%	13.03	13.04	12.83	13.40	14.00	12.60	939,838	124,747.04	股吧
sh601179	中国西电	　4.25	-0.18	-4.063%	4.25	4.26	4.43	4.42	4.42	4.23	302,087	12,981.32	股吧
sh601200	上海环境	　11.40	0.00	0.000%	11.39	11.40	11.40	11.39	11.43	11.26	68,032	7,718.99	股吧
sh601228	广州港	　3.27	-0.08	-2.388%	3.27	3.28	3.35	3.35	3.36	3.25	161,131	5,294.12	股吧
sh601233	桐昆股份	　18.88	-0.12	-0.632%	18.81	18.88	19.00	19.20	19.72	18.40	735,256	140,383.03	股吧
sh601298	青岛港	　5.90	-0.04	-0.673%	5.89	5.90	5.94	5.95	5.97	5.82	137,873	8,095.72	股吧
sh601333	广深铁路	　2.26	-0.03	-1.310%	2.26	2.27	2.29	2.29	2.30	2.23	249,975	5,647.07	股吧
sh601456	国联证券	　20.13	+0.63	+3.231%	20.13	20.14	19.50	19.51	20.13	19.36	806,755	159,720.10	股吧
sh601512	中新集团	　11.18	+0.16	+1.452%	11.18	11.19	11.02	11.03	11.28	10.87	77,068	8,538.17	股吧
sh601598	中国外运	　4.36	-0.16	-3.540%	4.36	4.37	4.52	4.50	4.57	4.31	411,535	18,112.40	股吧
sh601608	中信重工	　3.61	-0.05	-1.366%	3.60	3.61	3.66	3.67	3.68	3.57	131,288	4,732.62	股吧
sh601611	中国核建	　7.10	-0.23	-3.138%	7.10	7.11	7.33	7.34	7.35	7.04	237,976	16,995.39	股吧
sh601615	明阳智能	　17.09	-0.59	-3.337%	17.09	17.10	17.68	17.72	17.98	16.66	455,024	78,393.80	股吧
sh601689	拓普集团	　36.76	-1.35	-3.542%	36.75	36.76	38.11	38.29	38.60	36.28	124,892	46,355.18	股吧
sh601699	潞安环能	　6.40	-0.07	-1.082%	6.40	6.41	6.47	6.60	6.69	6.38	394,444	25,739.92	股吧
sh601717	郑煤机	　10.87	-0.49	-4.313%	10.87	10.88	11.36	11.40	11.70	10.74	658,299	73,087.18	股吧
sh601718	际华集团	　3.05	-0.05	-1.613%	3.04	3.05	3.10	3.10	3.12	3.02	328,266	10,062.08	股吧
sh601778	晶科科技	　6.84	0.00	0.000%	6.84	6.85	6.84	6.82	6.93	6.76	178,929	12,258.08	股吧
sh601799	星宇股份	　190.03	+2.71	+1.447%	190.03	190.07	187.32	189.75	191.68	187.00	12,153	23,114.94	股吧
sh601801	皖新传媒	　4.90	-0.09	-1.804%	4.89	4.90	4.99	5.00	5.00	4.87	94,545	4,646.29	股吧
sh601828	美凯龙	　8.90	-0.05	-0.559%	8.86	8.90	8.95	8.91	8.91	8.53	99,125	8,655.44	股吧
sh601860	紫金银行	　4.24	-0.07	-1.624%	4.24	4.25	4.31	4.28	4.30	4.22	573,040	24,405.95	股吧
sh601865	福莱特	　32.55	+0.33	+1.024%	32.55	32.56	32.22	32.22	33.07	31.85	210,831	68,364.60	股吧
sh601866	中远海发	　2.74	-0.12	-4.196%	2.74	2.75	2.86	2.85	2.89	2.72	1,070,566	29,688.71	股吧
sh601869	长飞光纤	　28.39	+0.18	+0.638%	28.38	28.39	28.21	28.18	28.76	27.87	13,404	3,791.06	股吧
sh601880	大连港	　1.92	-0.03	-1.538%	1.91	1.92	1.95	1.94	1.95	1.91	274,225	5,276.26	股吧
sh601928	凤凰传媒	　6.90	+0.04	+0.583%	6.89	6.90	6.86	6.87	6.92	6.82	47,232	3,247.39	股吧
sh601958	金钼股份	　6.00	+0.04	+0.671%	6.00	6.01	5.96	6.05	6.13	5.93	122,301	7,347.94	股吧
sh601966	N玲珑	　32.65	+0.09	+0.276%	32.62	32.65	32.56	31.28	33.07	31.18	162,002	52,622.24	股吧
sh601969	海南矿业	　6.44	-0.13	-1.979%	6.44	6.45	6.57	6.78	6.96	6.31	263,677	17,469.34	股吧
sh601975	招商南油	　2.50	-0.02	-0.794%	2.50	2.51	2.52	2.52	2.52	2.48	411,051	10,262.69	股吧
sh601992	金隅集团	　3.07	+0.03	+0.987%	3.04	3.07	3.04	3.04	3.07	3.00	427,931	12,987.22	股吧
sh601997	贵阳银行	　8.03	-0.07	-0.864%	8.03	8.05	8.10	8.12	8.13	8.01	445,618	35,932.22	股吧
sh603000	人民网	　16.55	-0.20	-1.194%	16.55	16.56	16.75	16.76	16.80	16.42	47,337	7,846.92	股吧
sh603056	德邦股份	　13.23	-0.28	-2.073%	13.22	13.23	13.51	13.50	13.50	13.14	36,696	4,869.69	股吧
sh603077	和邦生物	　1.37	-0.03	-2.143%	1.37	1.38	1.40	1.40	1.40	1.36	826,891	11,396.66	股吧
sh603198	迎驾贡酒	　35.08	+0.68	+1.977%	35.07	35.08	34.40	34.00	36.48	33.75	333,345	116,552.70	股吧
sh603225	新凤鸣	　12.75	+0.58	+4.766%	12.75	12.76	12.17	12.27	13.10	12.27	125,005	15,882.53	股吧
sh603228	景旺电子	　29.85	-0.21	-0.699%	29.84	29.85	30.06	30.08	30.30	29.11	50,986	15,096.68	股吧
sh603256	宏和科技	　10.06	-0.38	-3.640%	10.06	10.07	10.44	10.40	10.44	9.96	75,349	7,648.11	股吧
sh603260	合盛硅业	　37.11	-0.34	-0.908%	37.08	37.11	37.45	37.66	37.86	36.31	71,893	26,629.20	股吧
sh603290	斯达半导	　275.03	+3.38	+1.244%	275.03	275.09	271.65	267.34	280.00	262.63	38,710	105,344.97	股吧
sh603317	天味食品	　68.41	-1.14	-1.639%	68.40	68.41	69.55	69.88	70.30	68.41	28,243	19,648.81	股吧
sh603328	依顿电子	　8.36	+0.22	+2.703%	8.36	8.37	8.14	8.15	8.36	8.06	70,726	5,782.32	股吧
sh603338	浙江鼎力	　101.30	-2.55	-2.455%	101.30	101.59	103.85	103.47	104.49	101.27	18,635	19,068.66	股吧
sh603345	安井食品	　186.39	-0.68	-0.364%	186.29	186.39	187.07	188.01	194.83	186.05	23,076	44,004.06	股吧
sh603355	莱克电气	　31.13	-0.62	-1.953%	31.10	31.13	31.75	31.75	32.30	31.13	18,610	5,896.25	股吧
sh603377	东方时尚	　19.40	-0.18	-0.919%	19.40	19.41	19.58	19.58	19.70	19.20	37,545	7,304.16	股吧
sh603379	三美股份	　19.30	+0.65	+3.485%	19.30	19.31	18.65	18.66	19.30	18.45	30,152	5,713.68	股吧
sh603444	吉比特	　396.21	-4.79	-1.195%	396.21	396.99	401.00	402.34	404.50	389.02	9,711	38,530.09	股吧
sh603486	科沃斯	　68.11	-0.89	-1.290%	68.11	68.12	69.00	67.97	72.50	67.75	43,617	30,350.84	股吧
sh603515	欧普照明	　31.55	-0.93	-2.863%	31.55	31.57	32.48	32.65	32.70	31.18	23,202	7,331.97	股吧
sh603568	伟明环保	　21.15	+0.10	+0.475%	21.14	21.15	21.05	21.14	21.28	20.90	27,981	5,916.23	股吧
sh603589	口子窖	　66.01	-0.37	-0.557%	66.01	66.40	66.38	66.04	68.15	65.14	129,106	86,276.34	股吧
sh603605	珀莱雅	　162.00	-4.16	-2.504%	161.90	162.00	166.16	166.70	169.00	161.00	14,706	24,219.41	股吧
sh603638	艾迪精密	　62.19	+0.19	+0.306%	62.19	62.54	62.00	62.06	63.57	61.39	42,431	26,646.90	股吧
sh603650	彤程新材	　33.00	-0.95	-2.798%	33.00	33.02	33.95	34.00	34.29	32.67	41,884	13,908.95	股吧
sh603708	家家悦	　23.05	-0.77	-3.233%	23.05	23.06	23.82	23.93	23.94	22.75	106,057	24,563.58	股吧
sh603712	七一二	　37.08	-0.12	-0.323%	36.97	37.08	37.20	37.30	37.30	36.51	32,312	11,903.62	股吧
sh603719	良品铺子	　56.54	-0.56	-0.981%	56.54	57.09	57.10	57.10	58.37	56.35	18,868	10,753.23	股吧
sh603737	三棵树	　138.25	-5.24	-3.652%	138.25	138.30	143.49	143.44	145.00	135.72	27,105	37,626.09	股吧
sh603786	科博达	　75.85	-0.65	-0.850%	75.85	75.91	76.50	77.51	78.50	74.85	6,766	5,163.50	股吧
sh603806	福斯特	　75.23	-0.37	-0.489%	75.23	75.25	75.60	75.00	77.20	74.77	50,921	38,779.52	股吧
sh603816	顾家家居	　74.06	+0.92	+1.258%	74.06	74.20	73.14	73.95	76.00	73.31	34,169	25,453.03	股吧
sh603858	步长制药	　25.25	-0.71	-2.735%	25.24	25.25	25.96	25.90	26.26	25.25	138,951	36,023.63	股吧
sh603866	桃李面包	　60.30	-0.17	-0.281%	60.30	60.37	60.47	60.55	61.61	60.03	25,680	15,666.23	股吧
sh603868	飞科电器	　48.52	+0.12	+0.248%	48.52	48.53	48.40	48.50	49.21	47.85	11,607	5,608.20	股吧
sh603882	金域医学	　99.50	-0.70	-0.699%	99.49	99.50	100.20	99.20	100.99	97.25	46,640	46,440.17	股吧
sh603883	老百姓	　65.89	-1.39	-2.066%	65.89	65.90	67.28	67.35	67.84	65.60	28,297	18,822.04	股吧
sh603885	吉祥航空	　11.17	-0.12	-1.063%	11.17	11.19	11.29	11.31	11.46	11.09	75,670	8,522.19	股吧
代码	名称	最新价	涨跌额	涨跌幅	买入	卖出	昨收	今开	最高	最低	成交量/手	成交额/万	股吧
sh603888	新华网	　18.12	-0.46	-2.476%	18.10	18.12	18.58	18.64	18.64	17.98	30,694	5,572.45	股吧
sh603893	瑞芯微	　83.30	+3.70	+4.648%	83.30	83.31	79.60	79.60	83.56	78.16	52,981	43,059.85	股吧
sh603927	中科软	　45.30	+1.90	+4.378%	45.30	45.31	43.40	43.12	45.35	42.85	149,965	66,283.90	股吧
sh603983	丸美股份	　58.58	-0.71	-1.198%	58.58	58.80	59.29	59.32	59.99	58.19	14,383	8,478.75	股吧
sh688002	睿创微纳	　111.00	+5.17	+4.885%	110.67	111.00	105.83	105.83	111.00	104.67	85,010	92,355.72	股吧
sh688029	南微医学	　172.00	+1.40	+0.821%	171.54	172.00	170.60	171.30	172.00	165.50	22,266	37,540.21	股吧
sh688088	虹软科技	　73.37	+1.42	+1.974%	73.21	73.37	71.95	71.65	73.37	70.85	63,341	45,820.70	股吧
sh688099	晶晨股份	　81.97	+6.37	+8.426%	81.80	81.97	75.60	75.00	81.97	74.50	78,799	62,413.19	股吧
sh688321	微芯生物	　41.80	+1.92	+4.814%	41.62	41.80	39.88	39.70	42.16	39.70	61,965	25,270.61	股吧
sz000008	神州高铁	　2.63	-0.05	-1.866%	2.63	2.64	2.68	2.68	2.68	2.62	146,723	3,885.85	股吧
sz000009	中国宝安	　6.87	-0.20	-2.829%	6.87	6.88	7.07	7.07	7.12	6.83	324,338	22,444.95	股吧
sz000012	南 玻Ａ	　6.89	-0.08	-1.148%	6.89	6.90	6.97	6.99	7.03	6.65	818,046	55,931.00	股吧
sz000021	深科技	　20.68	+0.22	+1.075%	20.67	20.68	20.46	20.39	20.70	20.14	155,948	31,900.77	股吧
sz000027	深圳能源	　5.38	-0.11	-2.004%	5.38	5.39	5.49	5.49	5.53	5.36	148,408	8,030.22	股吧
sz000028	国药一致	　53.10	+0.30	+0.568%	53.10	53.11	52.80	52.77	54.54	51.50	150,082	79,826.62	股吧
sz000031	大悦城	　4.60	-0.10	-2.128%	4.60	4.61	4.70	4.70	4.70	4.59	62,077	2,869.88	股吧
sz000039	中集集团	　14.45	-0.59	-3.923%	14.45	14.46	15.04	15.01	15.05	14.40	216,700	31,756.87	股吧
sz000046	泛海控股	　3.69	-0.15	-3.906%	3.69	3.70	3.84	3.82	3.84	3.66	99,629	3,714.05	股吧
sz000050	深天马Ａ	　14.63	-0.49	-3.241%	14.63	14.64	15.12	15.13	15.17	14.44	231,533	33,967.50	股吧
sz000060	中金岭南	　4.54	-0.05	-1.089%	4.54	4.55	4.59	4.69	4.74	4.49	659,701	30,421.67	股吧
sz000061	农 产 品	　6.69	-0.08	-1.182%	6.69	6.70	6.77	6.77	6.83	6.64	75,680	5,076.45	股吧
sz000062	深圳华强	　13.36	-0.44	-3.188%	13.36	13.37	13.80	13.83	13.96	13.33	36,058	4,868.54	股吧
sz000078	海王生物	　3.97	-0.06	-1.489%	3.96	3.97	4.03	4.04	4.05	3.93	175,050	6,962.55	股吧
sz000089	深圳机场	　8.24	-0.07	-0.842%	8.24	8.25	8.31	8.35	8.36	8.20	111,169	9,179.61	股吧
sz000090	天健集团	　6.33	-0.15	-2.315%	6.32	6.33	6.48	6.49	6.52	6.25	132,182	8,372.15	股吧
sz000156	华数传媒	　9.13	-0.22	-2.353%	9.12	9.13	9.35	9.35	9.37	9.03	63,627	5,812.70	股吧
sz000158	常山北明	　6.74	-0.24	-3.438%	6.74	6.75	6.98	6.95	6.97	6.66	243,408	16,508.18	股吧
sz000301	东方盛虹	　9.84	-0.16	-1.600%	9.84	9.86	10.00	10.12	10.55	9.82	231,119	23,365.63	股吧
sz000400	许继电气	　14.97	-0.50	-3.232%	14.97	14.98	15.47	15.48	15.53	14.87	165,094	24,950.15	股吧
sz000401	冀东水泥	　15.16	-0.10	-0.655%	15.16	15.17	15.26	15.27	15.40	15.06	94,524	14,363.06	股吧
sz000402	金 融 街	　6.67	-0.07	-1.039%	6.67	6.68	6.74	6.70	6.73	6.66	39,482	2,637.86	股吧
sz000415	渤海租赁	　2.57	-0.05	-1.908%	2.57	2.58	2.62	2.61	2.63	2.54	167,700	4,318.03	股吧
sz000488	晨鸣纸业	　6.20	-0.12	-1.899%	6.20	6.21	6.32	6.31	6.39	6.14	480,757	30,054.88	股吧
sz000501	鄂武商Ａ	　12.07	-0.71	-5.556%	12.07	12.08	12.78	12.78	12.94	11.91	182,399	22,343.48	股吧
sz000513	丽珠集团	　43.27	-0.37	-0.848%	43.27	43.28	43.64	43.64	44.44	42.81	53,232	23,230.17	股吧
sz000519	中兵红箭	　9.27	-0.01	-0.108%	9.27	9.28	9.28	9.30	9.33	9.18	208,766	19,324.81	股吧
sz000528	柳 工	　7.45	+0.06	+0.812%	7.45	7.46	7.39	7.43	7.51	7.29	257,417	19,067.52	股吧
sz000537	广宇发展	　6.49	-0.07	-1.067%	6.49	6.50	6.56	6.52	6.58	6.43	40,431	2,620.05	股吧
sz000540	中天金融	　3.44	+0.08	+2.381%	3.44	3.45	3.36	3.35	3.45	3.31	852,842	28,957.29	股吧
sz000543	皖能电力	　3.95	-0.06	-1.496%	3.95	3.96	4.01	4.01	4.02	3.93	162,367	6,447.30	股吧
sz000547	航天发展	　21.90	-0.98	-4.283%	21.90	21.91	22.88	22.66	22.87	21.56	336,689	74,720.49	股吧
sz000553	安道麦A	　7.97	-0.11	-1.361%	7.96	7.97	8.08	8.08	8.08	7.91	23,384	1,863.38	股吧
sz000559	万向钱潮	　5.75	-0.17	-2.872%	5.74	5.75	5.92	5.96	5.96	5.68	203,324	11,765.66	股吧
sz000563	陕国投Ａ	　3.68	-0.03	-0.809%	3.68	3.69	3.71	3.72	3.73	3.65	215,403	7,932.74	股吧
sz000564	供销大集	　2.86	-0.10	-3.378%	2.85	2.86	2.96	2.95	2.96	2.85	543,457	15,693.45	股吧
sz000581	威孚高科	　23.72	-0.04	-0.168%	23.70	23.72	23.76	23.79	23.98	23.10	107,155	25,188.78	股吧
sz000598	兴蓉环境	　4.96	-0.03	-0.601%	4.95	4.96	4.99	4.97	4.99	4.90	105,315	5,209.49	股吧
sz000600	建投能源	　5.33	-0.09	-1.661%	5.33	5.34	5.42	5.41	5.46	5.28	76,988	4,116.08	股吧
sz000623	吉林敖东	　16.65	-0.27	-1.596%	16.65	16.66	16.92	16.94	16.99	16.57	93,732	15,670.53	股吧
sz000629	攀钢钒钛	　2.26	-0.01	-0.441%	2.26	2.27	2.27	2.29	2.35	2.24	743,561	17,036.69	股吧
sz000630	铜陵有色	　2.48	-0.03	-1.195%	2.48	2.49	2.51	2.59	2.61	2.44	1,929,200	48,790.82	股吧
sz000636	风华高科	　34.66	-0.76	-2.146%	34.65	34.66	35.42	35.50	35.70	34.29	162,774	56,957.47	股吧
sz000681	视觉中国	　14.90	-0.11	-0.733%	14.89	14.90	15.01	15.05	15.10	14.80	46,595	6,958.95	股吧
sz000685	中山公用	　8.32	-0.14	-1.655%	8.32	8.35	8.46	8.44	8.48	8.27	68,554	5,722.48	股吧
sz000686	东北证券	　9.46	-0.17	-1.765%	9.46	9.47	9.63	9.65	9.65	9.35	195,975	18,568.51	股吧
sz000690	宝新能源	　6.79	-0.26	-3.688%	6.78	6.79	7.05	7.00	7.02	6.76	138,268	9,474.88	股吧
sz000709	河钢股份	　2.28	+0.02	+0.885%	2.27	2.28	2.26	2.27	2.29	2.25	1,069,773	24,265.73	股吧
sz000717	韶钢松山	　4.60	-0.12	-2.542%	4.60	4.61	4.72	4.78	4.80	4.54	404,924	18,876.32	股吧
sz000718	苏宁环球	　3.46	+0.12	+3.593%	3.46	3.47	3.34	3.36	3.52	3.31	420,073	14,260.55	股吧
sz000729	燕京啤酒	　8.23	-0.15	-1.790%	8.22	8.23	8.38	8.34	8.56	8.00	321,860	26,636.58	股吧
sz000732	泰禾集团	　3.51	-0.19	-5.135%	3.51	3.52	3.70	3.70	3.71	3.47	374,427	13,268.67	股吧
sz000738	航发控制	　19.16	-0.76	-3.815%	19.15	19.16	19.92	19.92	20.01	18.94	206,637	40,047.44	股吧
sz000739	普洛药业	　22.70	-0.30	-1.304%	22.70	22.71	23.00	23.09	23.30	22.61	61,409	14,077.53	股吧
sz000750	国海证券	　5.30	-0.11	-2.033%	5.30	5.31	5.41	5.41	5.43	5.26	1,160,790	61,768.51	股吧
sz000758	中色股份	　4.65	-0.09	-1.899%	4.65	4.66	4.74	4.80	4.90	4.59	325,447	15,414.55	股吧
sz000778	新兴铸管	　3.69	-0.03	-0.806%	3.68	3.69	3.72	3.73	3.75	3.66	250,770	9,261.66	股吧
sz000807	云铝股份	　8.07	-0.42	-4.947%	8.07	8.08	8.49	8.66	8.71	7.92	1,653,225	135,960.51	股吧
sz000813	德展健康	　5.95	-0.15	-2.459%	5.94	5.95	6.10	6.09	6.09	5.94	120,492	7,231.27	股吧
sz000825	太钢不锈	　3.63	-0.05	-1.359%	3.62	3.63	3.68	3.72	3.80	3.61	281,052	10,348.00	股吧
sz000826	启迪环境	　7.39	-0.15	-1.989%	7.38	7.39	7.54	7.55	7.59	7.33	92,566	6,850.07	股吧
sz000830	鲁西化工	　12.94	+0.01	+0.077%	12.93	12.94	12.93	13.01	13.30	12.79	317,470	41,324.29	股吧
sz000869	张 裕Ａ	　45.09	+0.44	+0.985%	45.09	45.10	44.65	45.00	46.46	43.47	129,231	58,070.31	股吧
sz000877	天山股份	　15.07	-0.18	-1.180%	15.06	15.07	15.25	15.25	15.56	14.90	155,464	23,582.15	股吧
sz000878	云南铜业	　15.08	-0.29	-1.887%	15.08	15.09	15.37	15.85	16.00	14.85	496,490	76,895.22	股吧
sz000883	湖北能源	　3.73	-0.09	-2.356%	3.73	3.74	3.82	3.84	3.84	3.72	152,165	5,721.39	股吧
sz000887	中鼎股份	　11.77	-0.23	-1.917%	11.76	11.77	12.00	11.99	12.15	11.59	185,165	21,855.59	股吧
sz000898	鞍钢股份	　3.17	-0.02	-0.627%	3.17	3.18	3.19	3.22	3.27	3.13	596,028	19,090.53	股吧
sz000930	中粮科技	　8.50	-0.23	-2.635%	8.49	8.50	8.73	8.77	8.83	8.38	282,884	24,278.80	股吧
sz000932	华菱钢铁	　5.02	-0.18	-3.462%	5.02	5.03	5.20	5.25	5.30	4.99	758,556	38,671.43	股吧
sz000937	冀中能源	　3.95	0.00	0.000%	3.95	3.96	3.95	4.02	4.10	3.91	385,467	15,422.75	股吧
代码	名称	最新价	涨跌额	涨跌幅	买入	卖出	昨收	今开	最高	最低	成交量/手	成交额/万	股吧
sz000959	首钢股份	　3.85	-0.13	-3.266%	3.84	3.85	3.98	4.01	4.03	3.81	220,413	8,569.88	股吧
sz000960	锡业股份	　10.46	-0.28	-2.607%	10.45	10.46	10.74	10.82	10.93	10.31	285,156	30,080.91	股吧
sz000967	盈峰环境	　8.79	-0.09	-1.014%	8.78	8.79	8.88	8.87	8.94	8.73	76,264	6,709.04	股吧
sz000970	中科三环	　9.47	-0.26	-2.672%	9.47	9.48	9.73	9.75	9.80	9.40	157,637	15,037.69	股吧
sz000975	银泰黄金	　8.68	-0.18	-2.032%	8.67	8.68	8.86	8.85	9.00	8.60	286,962	24,970.67	股吧
sz000983	西山煤电	　5.66	-0.12	-2.076%	5.65	5.66	5.78	5.86	5.98	5.45	1,613,296	91,851.72	股吧
sz000988	华工科技	　23.22	-0.66	-2.764%	23.18	23.22	23.88	23.92	23.93	22.88	221,893	51,744.60	股吧
sz000990	诚志股份	　13.33	+0.13	+0.985%	13.33	13.34	13.20	13.19	13.33	13.00	56,238	7,414.16	股吧
sz000997	新 大 陆	　15.18	-0.29	-1.875%	15.18	15.19	15.47	15.43	15.47	15.10	110,969	16,973.28	股吧
sz000998	隆平高科	　17.66	+0.17	+0.972%	17.65	17.66	17.49	17.30	17.98	17.20	268,709	47,339.31	股吧
sz000999	华润三九	　26.34	+0.22	+0.842%	26.32	26.34	26.12	26.19	26.55	26.14	57,284	15,091.07	股吧
sz001872	招商港口	　15.46	-0.04	-0.258%	15.35	15.46	15.50	15.50	15.67	15.15	22,169	3,395.01	股吧
sz001914	招商积余	　21.84	-1.55	-6.627%	21.83	21.84	23.39	23.35	23.47	21.71	165,698	36,783.96	股吧
sz002002	鸿达兴业	　3.77	-0.03	-0.789%	3.77	3.78	3.80	3.76	3.82	3.73	450,884	16,944.79	股吧
sz002004	华邦健康	　5.70	+0.03	+0.529%	5.69	5.70	5.67	5.67	5.72	5.56	263,183	14,852.98	股吧
sz002010	传化智联	　5.06	-0.17	-3.250%	5.06	5.07	5.23	5.21	5.26	5.00	198,129	10,074.83	股吧
sz002013	中航机电	　10.19	-0.49	-4.588%	10.18	10.19	10.68	10.76	10.76	10.01	715,036	73,502.89	股吧
sz002019	亿帆医药	　20.47	-0.82	-3.852%	20.47	20.48	21.29	21.29	21.39	20.40	129,431	26,859.26	股吧
sz002028	思源电气	　20.78	-0.67	-3.124%	20.78	20.79	21.45	21.48	21.55	20.58	112,556	23,546.45	股吧
sz002030	达安基因	　31.98	-0.76	-2.321%	31.97	31.98	32.74	32.74	32.90	31.57	199,681	64,148.12	股吧
sz002038	双鹭药业	　10.79	-0.18	-1.641%	10.78	10.79	10.97	10.97	11.03	10.69	98,599	10,657.31	股吧
sz002048	宁波华翔	　15.40	-0.44	-2.778%	15.39	15.40	15.84	15.84	15.94	15.20	93,893	14,495.80	股吧
sz002051	中工国际	　7.19	-0.12	-1.642%	7.19	7.20	7.31	7.30	7.34	7.12	42,071	3,022.48	股吧
sz002056	横店东磁	　13.35	-0.55	-3.957%	13.34	13.35	13.90	13.98	13.99	13.15	346,993	46,640.14	股吧
sz002064	华峰氨纶	　9.11	-0.12	-1.300%	9.11	9.12	9.23	9.20	9.35	9.00	194,503	17,766.19	股吧
sz002074	国轩高科	　31.30	+0.45	+1.459%	31.29	31.30	30.85	30.86	31.96	30.33	793,071	247,650.06	股吧
sz002075	沙钢股份	　11.72	-0.43	-3.539%	11.71	11.72	12.15	12.20	12.25	11.60	455,908	53,822.64	股吧
sz002078	太阳纸业	　14.51	-0.39	-2.617%	14.50	14.51	14.90	14.90	15.01	14.30	164,849	23,978.68	股吧
sz002080	中材科技	　--	0.00	0.000%	0.00	0.00	19.29	0.00	0.00	0.00	0	0.00	股吧
sz002081	金 螳 螂	　10.48	+0.11	+1.061%	10.48	10.50	10.37	10.32	10.55	9.72	328,076	33,240.33	股吧
sz002085	万丰奥威	　7.15	0.00	0.000%	7.15	7.16	7.15	7.15	7.22	7.02	261,285	18,555.83	股吧
sz002092	中泰化学	　5.92	-0.13	-2.149%	5.92	5.93	6.05	6.03	6.22	5.87	446,006	26,727.26	股吧
sz002093	国脉科技	　7.73	-0.14	-1.779%	7.73	7.74	7.87	7.87	7.90	7.64	74,767	5,777.83	股吧
sz002110	三钢闽光	　6.99	-0.05	-0.710%	6.98	6.99	7.04	7.07	7.13	6.90	258,962	18,059.17	股吧
sz002124	天邦股份	　15.28	-0.37	-2.364%	15.28	15.31	15.65	15.57	15.64	15.23	217,773	33,532.73	股吧
sz002128	露天煤业	　11.04	-0.02	-0.181%	11.04	11.05	11.06	11.26	11.45	11.01	312,142	35,002.05	股吧
sz002131	利欧股份	　3.15	-0.09	-2.778%	3.15	3.16	3.24	3.23	3.26	3.12	1,370,726	43,520.03	股吧
sz002138	顺络电子	　25.31	-1.43	-5.348%	25.31	25.32	26.74	26.71	26.74	25.01	235,759	60,517.25	股吧
sz002152	广电运通	　10.90	-0.58	-5.052%	10.90	10.91	11.48	11.49	11.52	10.60	381,935	41,864.54	股吧
sz002155	湖南黄金	　8.24	-0.07	-0.842%	8.24	8.25	8.31	8.32	8.39	8.20	131,426	10,880.87	股吧
sz002156	通富微电	　26.74	-0.63	-2.302%	26.73	26.74	27.37	27.38	27.40	26.34	442,746	118,608.34	股吧
sz002174	游族网络	　16.18	+0.25	+1.569%	16.17	16.18	15.93	15.97	16.31	15.67	149,807	23,949.55	股吧
sz002183	怡 亚 通	　4.62	-0.17	-3.549%	4.62	4.63	4.79	4.78	4.80	4.57	209,395	9,768.46	股吧
sz002185	华天科技	　14.18	-0.70	-4.704%	14.17	14.18	14.88	14.86	14.90	14.00	1,101,827	157,090.08	股吧
sz002191	劲嘉股份	　9.98	0.00	0.000%	9.97	9.98	9.98	10.00	10.21	9.86	205,097	20,536.90	股吧
sz002195	二三四五	　2.40	-0.07	-2.834%	2.40	2.41	2.47	2.46	2.47	2.39	974,962	23,571.31	股吧
sz002203	海亮股份	　7.92	-0.31	-3.767%	7.91	7.92	8.23	8.30	8.35	7.69	158,029	12,563.37	股吧
sz002212	天融信	　20.39	-0.61	-2.905%	20.39	20.40	21.00	21.11	21.23	20.29	69,339	14,308.48	股吧
sz002217	合力泰	　4.30	-0.11	-2.494%	4.30	4.31	4.41	4.42	4.42	4.26	265,773	11,454.62	股吧
sz002221	东华能源	　10.40	-0.22	-2.072%	10.40	10.44	10.62	10.68	10.93	10.33	162,626	17,214.93	股吧
sz002223	鱼跃医疗	　27.08	-0.80	-2.869%	27.08	27.09	27.88	27.87	27.96	27.00	114,294	31,226.35	股吧
sz002233	塔牌集团	　12.88	-0.23	-1.754%	12.88	12.91	13.11	13.12	13.20	12.81	151,228	19,594.56	股吧
sz002242	九阳股份	　32.02	-0.43	-1.325%	32.01	32.02	32.45	32.54	32.64	31.42	44,892	14,314.80	股吧
sz002244	滨江集团	　4.83	-0.07	-1.429%	4.83	4.84	4.90	4.90	4.91	4.82	156,271	7,590.27	股吧
sz002249	大洋电机	　4.02	-0.12	-2.899%	4.02	4.03	4.14	4.11	4.19	3.97	497,667	20,109.96	股吧
sz002250	联化科技	　24.54	-0.16	-0.648%	24.52	24.54	24.70	24.60	25.01	24.33	64,196	15,802.64	股吧
sz002266	浙富控股	　4.37	-0.08	-1.798%	4.36	4.37	4.45	4.42	4.44	4.31	135,222	5,905.35	股吧
sz002268	卫 士 通	　17.98	-0.16	-0.882%	17.96	17.98	18.14	18.16	18.20	17.77	70,050	12,547.03	股吧
sz002273	水晶光电	　12.34	-0.38	-2.987%	12.33	12.34	12.72	12.69	12.72	12.20	269,357	33,253.64	股吧
sz002281	光迅科技	　29.15	-1.74	-5.633%	29.15	29.16	30.89	30.69	30.76	29.05	200,661	59,189.05	股吧
sz002294	信立泰	　25.00	-1.64	-6.156%	25.00	25.02	26.64	26.57	26.87	24.91	113,268	28,963.77	股吧
sz002299	圣农发展	　27.82	-0.58	-2.042%	27.82	27.85	28.40	28.04	28.76	27.82	178,668	50,381.70	股吧
sz002302	西部建设	　9.23	+0.07	+0.764%	9.22	9.23	9.16	9.27	9.32	9.16	71,371	6,575.47	股吧
sz002317	众生药业	　12.74	-0.63	-4.712%	12.74	12.75	13.37	13.33	13.37	12.63	169,977	22,005.08	股吧
sz002340	格林美	　5.17	+0.03	+0.584%	5.17	5.18	5.14	5.26	5.37	5.12	2,073,820	108,666.26	股吧
sz002353	杰瑞股份	　37.25	+1.35	+3.760%	37.25	37.27	35.90	36.70	37.90	36.70	160,866	60,125.47	股吧
sz002368	太极股份	　28.10	-0.11	-0.390%	28.09	28.10	28.21	28.10	28.34	27.51	75,884	21,173.50	股吧
sz002372	伟星新材	　18.56	+0.01	+0.054%	18.55	18.56	18.55	18.64	18.89	18.10	74,078	13,645.24	股吧
sz002373	千方科技	　18.12	-1.42	-7.267%	18.11	18.12	19.54	19.41	19.44	17.84	411,052	74,938.43	股吧
sz002375	亚厦股份	　8.07	-0.22	-2.654%	8.06	8.07	8.29	8.30	8.30	7.93	77,946	6,302.86	股吧
sz002382	蓝帆医疗	　21.42	-0.68	-3.077%	21.42	21.43	22.10	21.85	21.90	21.18	332,607	71,640.95	股吧
sz002385	大北农	　9.30	+0.15	+1.639%	9.29	9.30	9.15	9.14	9.44	9.04	1,794,784	165,903.75	股吧
sz002387	维信诺	　13.00	+0.15	+1.167%	12.99	13.00	12.85	12.85	13.11	12.37	127,346	16,077.50	股吧
sz002390	信邦制药	　6.67	-0.27	-3.890%	6.66	6.67	6.94	6.99	6.99	6.60	96,948	6,538.19	股吧
sz002396	星网锐捷	　25.85	+0.27	+1.056%	25.84	25.85	25.58	25.53	25.88	25.25	159,084	40,756.07	股吧
sz002399	海普瑞	　18.08	-0.57	-3.056%	18.08	18.10	18.65	18.63	18.65	18.00	43,425	7,922.96	股吧
sz002408	齐翔腾达	　8.58	-0.15	-1.718%	8.57	8.58	8.73	8.73	8.79	8.43	162,345	13,928.23	股吧
sz002416	爱施德	　8.78	+0.13	+1.503%	8.77	8.78	8.65	8.66	8.95	8.60	310,704	27,343.93	股吧
sz002419	天虹股份	　8.43	-0.04	-0.472%	8.43	8.44	8.47	8.47	8.48	8.28	43,000	3,601.01	股吧
sz002423	中粮资本	　9.52	-0.21	-2.158%	9.52	9.53	9.73	9.73	9.78	9.47	42,366	4,060.74	股吧
代码	名称	最新价	涨跌额	涨跌幅	买入	卖出	昨收	今开	最高	最低	成交量/手	成交额/万	股吧
sz002424	贵州百灵	　8.51	-0.21	-2.408%	8.51	8.52	8.72	8.73	8.80	8.46	74,999	6,445.26	股吧
sz002429	兆驰股份	　5.99	-0.14	-2.284%	5.99	6.00	6.13	6.16	6.18	5.84	614,595	36,649.61	股吧
sz002434	万里扬	　8.91	-0.04	-0.447%	8.90	8.91	8.95	8.99	9.15	8.86	158,860	14,311.11	股吧
sz002440	闰土股份	　9.73	-0.29	-2.894%	9.73	9.74	10.02	10.01	10.05	9.63	106,596	10,422.55	股吧
sz002444	巨星科技	　25.66	-1.19	-4.432%	25.66	25.68	26.85	27.20	27.43	25.31	159,213	41,481.66	股吧
sz002458	益生股份	　12.18	-0.08	-0.653%	12.18	12.20	12.26	12.23	12.52	12.14	133,901	16,484.16	股吧
sz002465	海格通信	　11.18	-0.26	-2.273%	11.17	11.18	11.44	11.44	11.45	11.04	285,950	31,930.07	股吧
sz002468	申通快递	　11.76	+0.13	+1.118%	11.76	11.77	11.63	11.62	11.76	11.20	207,814	23,757.09	股吧
sz002500	山西证券	　7.64	-0.17	-2.177%	7.64	7.65	7.81	7.81	7.84	7.55	321,503	24,601.11	股吧
sz002503	搜于特	　2.15	-0.07	-3.153%	2.15	2.16	2.22	2.22	2.23	2.14	377,743	8,196.69	股吧
sz002505	大康农业	　2.62	+0.01	+0.383%	2.62	2.63	2.61	2.58	2.65	2.57	897,764	23,475.83	股吧
sz002506	协鑫集成	　4.08	+0.02	+0.493%	4.08	4.09	4.06	4.09	4.23	3.98	1,603,786	65,748.52	股吧
sz002507	涪陵榨菜	　43.45	-1.38	-3.078%	43.44	43.45	44.83	44.83	45.10	42.51	150,618	65,337.57	股吧
sz002511	中顺洁柔	　20.58	-0.56	-2.649%	20.58	20.59	21.14	21.12	21.12	20.42	167,820	34,734.94	股吧
sz002544	杰赛科技	　15.29	-0.49	-3.105%	15.29	15.30	15.78	15.92	16.18	15.16	118,290	18,480.50	股吧
sz002557	洽洽食品	　58.66	-0.18	-0.306%	58.50	58.66	58.84	58.94	59.76	57.81	39,712	23,338.16	股吧
sz002563	森马服饰	　9.39	-0.25	-2.593%	9.39	9.40	9.64	9.64	9.78	9.30	144,466	13,699.42	股吧
sz002568	百润股份	　90.27	-0.33	-0.364%	90.22	90.27	90.60	90.15	93.40	89.13	60,291	55,109.74	股吧
sz002572	索菲亚	　25.38	-0.69	-2.647%	25.38	25.39	26.07	26.13	26.47	25.38	100,311	25,925.77	股吧
sz002583	海能达	　6.21	-0.24	-3.721%	6.20	6.21	6.45	6.45	6.46	6.12	232,178	14,422.37	股吧
sz002589	瑞康医药	　5.86	-0.07	-1.180%	5.85	5.86	5.93	5.91	6.00	5.75	150,381	8,821.46	股吧
sz002595	豪迈科技	　26.60	-0.53	-1.954%	26.60	26.62	27.13	27.09	27.54	26.50	43,790	11,803.66	股吧
sz002603	以岭药业	　23.78	-0.70	-2.859%	23.78	23.79	24.48	24.50	24.76	23.61	108,310	26,124.08	股吧
sz002625	光启技术	　19.44	+0.17	+0.882%	19.43	19.44	19.27	19.27	19.53	19.02	123,707	23,828.94	股吧
sz002635	安洁科技	　17.83	-0.72	-3.881%	17.82	17.83	18.55	18.55	18.65	17.63	99,627	17,906.60	股吧
sz002640	跨境通	　5.68	-0.21	-3.565%	5.68	5.69	5.89	5.92	5.92	5.60	266,485	15,201.48	股吧
sz002648	卫星石化	　25.33	-0.53	-2.049%	25.32	25.33	25.86	26.28	26.54	24.85	162,627	41,580.36	股吧
sz002653	海思科	　20.10	-0.62	-2.992%	20.09	20.10	20.72	20.72	20.79	20.00	22,368	4,534.08	股吧
sz002670	国盛金控	　12.80	-0.88	-6.433%	12.80	12.81	13.68	13.31	13.44	12.60	1,415,476	183,523.74	股吧
sz002683	宏大爆破	　34.97	+0.35	+1.011%	34.96	34.97	34.62	34.74	35.73	34.60	124,530	43,684.88	股吧
sz002690	美亚光电	　47.59	-0.83	-1.714%	47.59	47.61	48.42	48.60	49.12	47.58	26,575	12,833.63	股吧
sz002701	奥瑞金	　5.57	-0.09	-1.590%	5.57	5.58	5.66	5.67	5.88	5.52	289,940	16,431.25	股吧
sz002705	新宝股份	　43.02	+0.32	+0.749%	43.02	43.07	42.70	43.10	43.70	42.56	39,808	17,156.87	股吧
sz002709	天赐材料	　85.51	-1.47	-1.690%	85.50	85.51	86.98	85.80	86.90	84.25	122,273	104,543.88	股吧
sz002745	木林森	　13.94	-0.46	-3.194%	13.92	13.94	14.40	14.31	14.47	13.60	165,634	23,056.12	股吧
sz002791	坚朗五金	　143.83	+3.36	+2.392%	143.83	143.94	140.47	141.41	146.01	141.41	17,885	25,794.52	股吧
sz002797	第一创业	　10.15	+0.03	+0.296%	10.14	10.15	10.12	10.09	10.19	9.96	1,030,813	103,873.06	股吧
sz002807	江阴银行	　4.24	-0.08	-1.852%	4.23	4.24	4.32	4.28	4.32	4.20	219,654	9,333.85	股吧
sz002815	崇达技术	　15.50	-0.52	-3.246%	15.49	15.50	16.02	15.94	15.99	15.40	60,101	9,413.33	股吧
sz002818	富森美	　14.97	-0.75	-4.771%	14.97	14.98	15.72	15.70	15.70	14.86	47,858	7,254.11	股吧
sz002831	裕同科技	　27.33	-0.02	-0.073%	27.33	27.39	27.35	27.22	27.93	27.21	50,935	14,022.43	股吧
sz002839	张家港行	　6.11	-0.12	-1.926%	6.10	6.11	6.23	6.21	6.25	6.06	363,458	22,312.51	股吧
sz002867	周大生	　24.92	-0.81	-3.148%	24.92	24.93	25.73	26.00	26.00	24.65	40,700	10,210.43	股吧
sz002901	大博医疗	　70.15	-0.86	-1.211%	70.07	70.15	71.01	69.08	71.65	68.35	20,683	14,482.68	股吧
sz002920	德赛西威	　71.64	-0.73	-1.009%	71.64	71.65	72.37	71.99	73.37	71.30	31,008	22,352.38	股吧
sz002925	盈趣科技	　62.13	-2.04	-3.179%	62.13	62.22	64.17	64.40	64.64	61.81	21,496	13,537.09	股吧
sz002926	华西证券	　11.73	-0.20	-1.676%	11.73	11.74	11.93	11.93	11.98	11.62	238,683	28,120.88	股吧
sz002936	郑州银行	　3.82	-0.04	-1.036%	3.82	3.83	3.86	3.85	3.87	3.79	527,108	20,156.76	股吧
sz002941	新疆交建	　12.72	-0.15	-1.166%	12.71	12.72	12.87	12.85	12.90	12.57	45,768	5,799.21	股吧
sz002946	新乳业	　17.24	-0.80	-4.435%	17.23	17.24	18.04	18.10	18.19	17.10	69,889	12,246.21	股吧
sz002948	青岛银行	　5.82	-0.14	-2.349%	5.82	5.83	5.96	5.87	5.92	5.74	913,625	53,090.27	股吧
sz002957	科瑞技术	　21.71	-0.78	-3.468%	21.70	21.73	22.49	22.56	22.60	21.55	21,251	4,658.58	股吧
sz002966	苏州银行	　7.85	+0.12	+1.552%	7.84	7.85	7.73	7.71	7.85	7.69	390,092	30,381.20	股吧
sz002985	北摩高科	　171.44	-0.56	-0.326%	171.44	171.60	172.00	175.20	178.00	169.29	25,512	44,330.16	股吧
sz300001	特锐德	　24.78	-0.51	-2.017%	24.78	24.79	25.29	25.35	25.55	24.42	177,133	44,086.25	股吧
sz300002	神州泰岳	　5.43	-0.14	-2.513%	5.43	5.44	5.57	5.59	5.60	5.40	354,658	19,381.76	股吧
sz300009	安科生物	　14.71	-1.10	-6.958%	14.71	14.72	15.81	15.70	15.79	14.46	329,711	49,464.89	股吧
sz300010	豆神教育	　10.92	-0.48	-4.211%	10.91	10.92	11.40	11.42	11.49	10.71	228,684	25,170.85	股吧
sz300012	华测检测	　25.90	+0.10	+0.388%	25.88	25.90	25.80	25.77	26.30	25.68	177,395	46,122.74	股吧
sz300017	网宿科技	　6.92	-0.23	-3.217%	6.91	6.92	7.15	7.14	7.18	6.85	478,012	33,262.00	股吧
sz300024	机器人	　12.67	-0.38	-2.912%	12.67	12.68	13.05	13.10	13.10	12.55	145,361	18,537.80	股吧
sz300026	红日药业	　4.57	-0.21	-4.393%	4.56	4.57	4.78	4.76	4.78	4.51	462,455	21,286.47	股吧
sz300058	蓝色光标	　5.90	-0.12	-1.993%	5.90	5.91	6.02	6.05	6.05	5.83	378,265	22,326.41	股吧
sz300070	碧水源	　8.10	+0.06	+0.746%	8.10	8.11	8.04	8.03	8.19	7.97	252,445	20,380.79	股吧
sz300072	三聚环保	　5.97	-0.17	-2.769%	5.96	5.97	6.14	6.14	6.16	5.90	264,203	15,870.81	股吧
sz300088	长信科技	　9.58	-0.29	-2.938%	9.57	9.58	9.87	9.85	9.89	9.52	473,534	45,711.71	股吧
sz300113	顺网科技	　17.31	+0.52	+3.097%	17.30	17.31	16.79	16.80	17.38	16.35	116,624	19,580.19	股吧
sz300115	长盈精密	　23.91	-0.73	-2.963%	23.91	23.92	24.64	24.95	24.95	23.19	263,059	62,860.45	股吧
sz300133	华策影视	　6.68	-0.01	-0.149%	6.68	6.69	6.69	6.69	6.71	6.42	300,076	19,666.04	股吧
sz300134	大富科技	　11.00	-0.64	-5.498%	11.00	11.01	11.64	11.61	11.67	10.80	128,722	14,212.76	股吧
sz300146	汤臣倍健	　25.84	+0.15	+0.584%	25.84	25.88	25.69	25.69	26.76	25.51	267,676	70,188.50	股吧
sz300166	东方国信	　12.44	+0.19	+1.551%	12.43	12.44	12.25	12.24	12.44	12.16	179,745	22,134.54	股吧
sz300168	万达信息	　19.24	-2.42	-11.173%	19.24	19.26	21.66	21.41	21.90	19.20	364,778	73,801.67	股吧
sz300180	华峰超纤	　6.40	+0.06	+0.946%	6.40	6.41	6.34	6.28	6.45	6.23	230,315	14,608.34	股吧
sz300182	捷成股份	　4.85	-0.14	-2.806%	4.85	4.86	4.99	4.96	4.99	4.83	340,423	16,652.04	股吧
sz300207	欣旺达	　26.82	-1.42	-5.028%	26.82	26.83	28.24	28.15	28.34	26.76	256,243	69,981.04	股吧
sz300212	易华录	　26.92	-0.50	-1.823%	26.92	26.93	27.42	27.58	27.65	26.47	106,285	28,505.39	股吧
sz300223	北京君正	　100.00	+2.21	+2.260%	100.00	100.01	97.79	98.01	100.45	95.00	94,102	92,934.48	股吧
sz300244	迪安诊断	　35.06	-0.73	-2.040%	35.05	35.06	35.79	36.23	36.23	34.75	86,978	30,555.91	股吧
sz300257	开山股份	　13.61	-0.38	-2.716%	13.61	13.62	13.99	14.09	14.09	13.61	32,830	4,519.99	股吧
代码	名称	最新价	涨跌额	涨跌幅	买入	卖出	昨收	今开	最高	最低	成交量/手	成交额/万	股吧
sz300271	华宇软件	　25.21	-0.69	-2.664%	25.21	25.30	25.90	25.99	26.02	24.97	68,907	17,459.48	股吧
sz300274	阳光电源	　54.10	-2.28	-4.044%	54.10	54.11	56.38	56.38	57.24	53.51	442,526	243,422.93	股吧
sz300285	国瓷材料	　41.85	-0.82	-1.922%	41.84	41.85	42.67	42.70	42.90	41.20	93,461	39,189.68	股吧
sz300296	利亚德	　6.90	-0.33	-4.564%	6.90	6.91	7.23	7.20	7.20	6.85	672,508	46,992.00	股吧
sz300315	掌趣科技	　5.50	-0.30	-5.172%	5.50	5.51	5.80	5.79	5.80	5.40	1,184,661	65,532.55	股吧
sz300316	晶盛机电	　29.14	-0.51	-1.720%	29.13	29.14	29.65	30.33	30.68	28.94	270,766	80,687.96	股吧
sz300324	旋极信息	　4.43	-0.18	-3.905%	4.42	4.43	4.61	4.61	4.61	4.39	359,331	16,052.07	股吧
sz300357	我武生物	　66.12	-1.78	-2.622%	66.12	66.19	67.90	68.03	68.91	66.00	35,419	23,865.91	股吧
sz300376	易事特	　8.33	-0.31	-3.588%	8.32	8.33	8.64	8.70	8.82	8.16	558,776	46,957.08	股吧
sz300418	昆仑万维	　20.81	-1.08	-4.934%	20.81	20.82	21.89	21.89	21.92	20.65	256,693	54,089.64	股吧
sz300459	金科文化	　3.68	-0.14	-3.665%	3.68	3.69	3.82	3.86	3.86	3.66	826,864	30,682.61	股吧
sz300463	迈克生物	　44.89	-1.21	-2.625%	44.89	45.16	46.10	46.24	46.88	44.89	58,946	27,008.01	股吧
sz300474	景嘉微	　61.74	+2.29	+3.852%	61.74	62.00	59.45	59.35	62.79	58.65	73,697	45,345.87	股吧
sz300482	万孚生物	　74.08	-0.17	-0.229%	74.07	74.08	74.25	74.00	75.49	73.80	40,661	30,395.84	股吧
sz300496	中科创达	　98.46	-1.73	-1.727%	98.45	98.46	100.19	100.49	100.78	97.35	67,875	67,217.09	股吧
sz300595	欧普康视	　77.14	+1.08	+1.420%	77.10	77.14	76.06	76.07	77.86	75.68	54,315	41,865.10	股吧
sz300618	寒锐钴业	　71.33	-1.97	-2.688%	71.33	71.35	73.30	74.11	74.78	70.89	89,353	64,462.84	股吧
sz300630	普利制药	　41.01	-0.58	-1.395%	41.01	41.14	41.59	41.93	42.30	40.57	31,958	13,176.82	股吧
sz300699	光威复材	　78.40	-1.50	-1.877%	78.05	78.40	79.90	79.74	80.38	77.06	61,506	48,282.43	股吧
