代码	名称	最新价	涨跌额	涨跌幅	买入	卖出	昨收	今开	最高	最低	成交量/手	成交额/万	股吧
sh600006	东风汽车	　8.90	+0.81	+10.012%	8.90	0.00	8.09	7.69	8.90	7.66	1,836,329	152,648.54	股吧
sh600008	首创股份	　2.89	0.00	0.000%	2.89	2.90	2.89	2.89	2.91	2.88	277,188	8,023.82	股吧
sh600021	上海电力	　7.25	+0.08	+1.116%	7.24	7.25	7.17	7.23	7.41	7.23	106,435	7,777.04	股吧
sh600022	山东钢铁	　1.45	+0.03	+2.113%	1.45	1.46	1.42	1.42	1.46	1.41	1,198,590	17,283.99	股吧
sh600026	中远海能	　6.64	-0.12	-1.775%	6.63	6.64	6.76	6.70	6.72	6.62	254,814	16,967.30	股吧
sh600037	歌华有线	　10.02	+0.05	+0.502%	10.01	10.02	9.97	9.95	10.02	9.90	61,562	6,134.45	股吧
sh600038	中直股份	　56.30	+3.92	+7.484%	56.30	56.31	52.38	52.17	56.96	52.03	169,802	94,290.90	股吧
sh600039	四川路桥	　4.53	-0.04	-0.875%	4.52	4.53	4.57	4.60	4.60	4.51	162,641	7,384.54	股吧
sh600053	九鼎投资	　19.97	-0.29	-1.431%	19.97	20.00	20.26	20.34	20.55	19.88	18,619	3,756.12	股吧
sh600056	中国医药	　14.79	-0.17	-1.136%	14.78	14.79	14.96	14.89	14.95	14.70	76,200	11,284.74	股吧
sh600060	海信视像	　11.25	+0.01	+0.089%	11.24	11.25	11.24	11.24	11.34	11.13	139,144	15,630.25	股吧
sh600062	华润双鹤	　12.05	-0.10	-0.823%	12.05	12.06	12.15	12.15	12.15	12.00	38,321	4,619.48	股吧
sh600064	南京高科	　10.32	-0.16	-1.527%	10.32	10.33	10.48	10.50	10.50	10.32	76,013	7,896.96	股吧
sh600073	上海梅林	　10.42	-0.24	-2.251%	10.42	10.43	10.66	10.55	10.62	10.35	278,529	29,132.30	股吧
sh600079	人福医药	　33.76	-1.05	-3.016%	33.76	33.77	34.81	35.37	35.55	33.76	70,984	24,395.53	股吧
sh600089	特变电工	　9.38	+0.42	+4.688%	9.37	9.38	8.96	8.98	9.65	8.91	1,869,179	174,060.51	股吧
sh600094	大名城	　4.31	-0.08	-1.822%	4.31	4.32	4.39	4.42	4.42	4.30	81,363	3,532.70	股吧
sh600120	浙江东方	　6.26	-0.05	-0.792%	6.25	6.26	6.31	6.27	6.30	6.20	91,954	5,740.69	股吧
sh600126	杭钢股份	　5.30	+0.02	+0.379%	5.29	5.30	5.28	5.27	5.38	5.25	190,081	10,080.42	股吧
sh600131	国网信通	　14.43	+0.21	+1.477%	14.42	14.43	14.22	14.32	14.84	14.19	146,605	21,156.98	股吧
sh600132	重庆啤酒	　116.99	-3.00	-2.500%	116.90	116.99	119.99	119.01	120.66	116.35	24,009	28,364.32	股吧
sh600141	兴发集团	　11.80	+0.20	+1.724%	11.79	11.80	11.60	11.68	12.03	11.60	216,272	25,611.10	股吧
sh600143	金发科技	　16.64	-0.08	-0.478%	16.64	16.65	16.72	16.72	16.86	16.47	290,917	48,499.67	股吧
sh600153	建发股份	　8.74	-0.02	-0.228%	8.74	8.75	8.76	8.78	8.82	8.70	100,340	8,781.88	股吧
sh600155	华创阳安	　12.58	+0.13	+1.044%	12.57	12.58	12.45	12.35	12.88	12.30	515,409	64,838.89	股吧
sh600158	中体产业	　14.65	+0.39	+2.735%	14.64	14.65	14.26	14.25	15.25	14.00	497,656	73,368.15	股吧
sh600160	巨化股份	　8.27	+0.17	+2.099%	8.27	8.28	8.10	8.06	8.38	8.02	541,028	44,443.82	股吧
sh600166	福田汽车	　3.33	+0.11	+3.416%	3.32	3.33	3.22	3.22	3.42	3.18	2,179,364	72,282.34	股吧
sh600167	联美控股	　12.02	-0.02	-0.166%	12.02	12.03	12.04	12.14	12.32	11.92	60,361	7,294.29	股吧
sh600170	上海建工	　3.03	0.00	0.000%	3.02	3.03	3.03	3.03	3.04	3.02	180,663	5,467.38	股吧
sh600171	上海贝岭	　14.34	-0.08	-0.555%	14.33	14.34	14.42	14.53	14.68	14.25	82,721	11,957.88	股吧
sh600188	兖州煤业	　10.79	+0.63	+6.201%	10.78	10.79	10.16	10.45	10.99	10.38	660,227	70,769.44	股吧
sh600195	中牧股份	　12.51	-0.19	-1.496%	12.51	12.52	12.70	12.70	12.81	12.50	102,118	12,886.32	股吧
sh600201	生物股份	　21.83	-0.37	-1.667%	21.80	21.83	22.20	22.20	22.38	21.66	90,819	19,967.94	股吧
sh600216	浙江医药	　13.98	+0.09	+0.648%	13.98	13.99	13.89	13.82	14.02	13.72	115,423	16,031.02	股吧
sh600219	南山铝业	　2.81	+0.07	+2.555%	2.80	2.81	2.74	2.77	2.85	2.74	1,885,661	53,052.10	股吧
sh600256	广汇能源	　3.02	+0.10	+3.425%	3.01	3.02	2.92	2.92	3.05	2.92	584,044	17,523.38	股吧
sh600258	首旅酒店	　23.67	-0.46	-1.906%	23.67	23.68	24.13	24.08	24.21	23.37	133,059	31,557.60	股吧
sh600259	广晟有色	　31.31	+0.24	+0.772%	31.31	31.32	31.07	30.83	31.94	30.59	62,161	19,436.03	股吧
sh600260	凯乐科技	　11.06	-0.24	-2.124%	11.06	11.07	11.30	11.25	11.33	11.06	86,490	9,652.46	股吧
sh600266	城建发展	　5.34	-0.10	-1.838%	5.34	5.35	5.44	5.43	5.45	5.32	76,489	4,109.73	股吧
sh600273	嘉化能源	　9.71	-0.10	-1.019%	9.71	9.72	9.81	9.81	9.85	9.68	99,349	9,689.02	股吧
sh600277	亿利洁能	　3.07	-0.01	-0.325%	3.06	3.07	3.08	3.08	3.11	3.05	124,506	3,827.29	股吧
sh600282	南钢股份	　3.31	+0.07	+2.160%	3.30	3.31	3.24	3.23	3.36	3.23	798,716	26,351.48	股吧
sh600291	西水股份	　5.52	-0.14	-2.473%	5.52	5.53	5.66	5.64	5.64	5.52	202,627	11,275.12	股吧
sh600307	酒钢宏兴	　1.72	+0.09	+5.521%	1.72	1.73	1.63	1.63	1.74	1.63	1,580,998	26,763.26	股吧
sh600312	平高电气	　7.07	+0.11	+1.580%	7.07	7.08	6.96	7.00	7.20	6.99	148,868	10,594.76	股吧
sh600315	上海家化	　37.82	-1.48	-3.766%	37.82	37.83	39.30	39.12	39.45	37.60	80,700	30,865.43	股吧
sh600316	洪都航空	　39.00	-1.00	-2.500%	38.99	39.00	40.00	40.59	41.06	38.63	374,644	149,214.59	股吧
sh600325	华发股份	　6.22	-0.06	-0.955%	6.22	6.24	6.28	6.28	6.31	6.22	116,578	7,298.88	股吧
sh600329	中新药业	　18.69	+0.03	+0.161%	18.69	18.71	18.66	18.67	19.02	18.27	69,301	12,883.64	股吧
sh600338	西藏珠峰	　9.90	+0.90	+10.000%	9.90	0.00	9.00	9.01	9.90	8.96	485,282	46,391.97	股吧
sh600339	中油工程	　3.02	+0.01	+0.332%	3.01	3.02	3.01	3.01	3.05	3.00	203,556	6,162.29	股吧
sh600348	阳泉煤业	　5.78	+0.51	+9.677%	5.78	5.79	5.27	5.36	5.79	5.35	1,030,689	58,319.25	股吧
sh600350	山东高速	　6.22	-0.14	-2.201%	6.22	6.23	6.36	6.36	6.40	6.21	93,808	5,874.66	股吧
sh600372	中航电子	　17.25	+0.31	+1.830%	17.20	17.25	16.94	16.96	17.50	16.90	182,477	31,474.38	股吧
sh600373	中文传媒	　10.85	-0.15	-1.364%	10.85	10.86	11.00	10.95	11.05	10.77	53,737	5,856.64	股吧
sh600376	首开股份	　6.09	-0.05	-0.814%	6.09	6.10	6.14	6.14	6.18	6.09	29,454	1,804.59	股吧
sh600380	健康元	　14.88	-0.32	-2.105%	14.88	14.89	15.20	15.20	15.20	14.73	228,914	34,111.49	股吧
sh600388	龙净环保	　9.10	-0.18	-1.940%	9.10	9.11	9.28	9.25	9.29	9.10	53,594	4,909.25	股吧
sh600392	盛和资源	　8.53	+0.07	+0.827%	8.52	8.53	8.46	8.54	8.75	8.46	715,293	61,488.51	股吧
sh600398	海澜之家	　6.38	-0.07	-1.085%	6.38	6.39	6.45	6.45	6.45	6.35	55,669	3,557.07	股吧
sh600409	三友化工	　8.68	-0.19	-2.142%	8.68	8.69	8.87	8.95	8.99	8.63	397,194	34,942.18	股吧
sh600410	华胜天成	　9.17	-0.06	-0.650%	9.17	9.18	9.23	9.26	9.40	9.14	112,705	10,448.33	股吧
sh600415	小商品城	　4.98	-0.10	-1.969%	4.98	4.99	5.08	5.08	5.08	4.97	157,042	7,872.58	股吧
sh600418	江淮汽车	　13.19	+0.82	+6.629%	13.18	13.19	12.37	12.11	13.43	12.11	2,608,101	339,029.15	股吧
sh600426	华鲁恒升	　36.52	+0.40	+1.107%	36.52	36.57	36.12	36.26	38.15	36.26	137,491	51,106.14	股吧
sh600435	北方导航	　8.42	+0.02	+0.238%	8.41	8.42	8.40	8.41	8.53	8.36	129,943	10,973.29	股吧
sh600446	金证股份	　16.79	-0.28	-1.640%	16.78	16.79	17.07	17.06	17.14	16.70	61,289	10,321.39	股吧
sh600460	士兰微	　19.65	-0.39	-1.946%	19.65	19.66	20.04	20.50	20.68	19.55	559,571	111,353.34	股吧
sh600466	蓝光发展	　4.82	-0.06	-1.230%	4.82	4.83	4.88	4.87	4.89	4.81	126,689	6,145.74	股吧
sh600486	扬农化工	　123.45	-0.84	-0.676%	123.30	123.45	124.29	124.56	125.47	122.18	17,340	21,420.99	股吧
sh600497	驰宏锌锗	　4.90	+0.15	+3.158%	4.90	4.91	4.75	4.83	5.01	4.75	2,200,791	107,739.26	股吧
sh600500	中化国际	　5.01	-0.01	-0.199%	5.01	5.02	5.02	5.02	5.07	5.00	100,722	5,071.16	股吧
sh600507	方大特钢	　6.91	+0.07	+1.023%	6.90	6.91	6.84	6.83	7.03	6.79	561,372	38,817.96	股吧
sh600511	国药股份	　47.55	+0.90	+1.929%	47.54	47.55	46.65	46.56	47.68	45.70	342,879	160,237.33	股吧
sh600515	海航基础	　6.23	-0.09	-1.424%	6.23	6.24	6.32	6.26	6.37	6.22	185,446	11,633.95	股吧
sh600516	方大炭素	　6.71	+0.21	+3.231%	6.70	6.71	6.50	6.53	6.81	6.50	781,698	52,061.00	股吧
sh600517	国网英大	　5.42	+0.01	+0.185%	5.41	5.42	5.41	5.38	5.45	5.36	111,616	6,035.01	股吧
sh600528	中铁工业	　9.12	-0.03	-0.328%	9.12	9.13	9.15	9.15	9.22	9.08	75,536	6,897.15	股吧
代码	名称	最新价	涨跌额	涨跌幅	买入	卖出	昨收	今开	最高	最低	成交量/手	成交额/万	股吧
sh600529	山东药玻	　48.14	-0.49	-1.008%	48.11	48.14	48.63	48.57	49.47	47.48	236,000	114,025.10	股吧
sh600535	天士力	　15.39	-0.34	-2.161%	15.38	15.39	15.73	15.73	15.73	15.39	68,183	10,582.11	股吧
sh600545	卓郎智能	　3.68	-0.04	-1.075%	3.68	3.69	3.72	3.77	3.90	3.68	157,126	5,870.37	股吧
sh600546	山煤国际	　9.19	+0.36	+4.077%	9.18	9.19	8.83	9.11	9.49	8.86	1,455,254	133,251.87	股吧
sh600549	厦门钨业	　16.50	+1.12	+7.282%	16.50	16.51	15.38	15.30	16.92	15.24	995,964	163,064.24	股吧
sh600556	天下秀	　13.22	-0.06	-0.452%	13.21	13.22	13.28	13.18	13.35	13.13	33,486	4,420.29	股吧
sh600563	法拉电子	　92.20	+1.38	+1.519%	92.14	92.20	90.82	90.95	92.80	89.70	28,488	26,048.77	股吧
sh600566	济川药业	　20.86	-0.24	-1.137%	20.86	20.88	21.10	21.12	21.15	20.83	26,286	5,503.11	股吧
sh600567	山鹰国际	　3.12	-0.01	-0.319%	3.11	3.12	3.13	3.12	3.16	3.11	332,504	10,398.81	股吧
sh600572	康恩贝	　4.98	-0.04	-0.797%	4.98	4.99	5.02	5.02	5.04	4.98	125,601	6,277.70	股吧
sh600575	淮河能源	　2.27	+0.04	+1.794%	2.26	2.27	2.23	2.22	2.28	2.21	450,113	10,153.37	股吧
sh600580	卧龙电驱	　14.28	+0.78	+5.778%	14.28	14.29	13.50	13.43	14.49	13.39	631,524	89,336.02	股吧
sh600582	天地科技	　3.20	+0.03	+0.946%	3.20	3.21	3.17	3.17	3.24	3.16	261,855	8,396.87	股吧
sh600597	光明乳业	　16.60	-0.10	-0.599%	16.60	16.61	16.70	16.52	16.74	16.30	235,820	38,989.33	股吧
sh600598	北大荒	　17.28	+0.16	+0.935%	17.28	17.29	17.12	17.13	17.49	17.00	197,831	34,097.85	股吧
sh600623	华谊集团	　6.00	-0.01	-0.166%	5.99	6.00	6.01	6.01	6.07	5.96	97,886	5,885.81	股吧
sh600633	浙数文化	　8.56	-0.15	-1.722%	8.55	8.56	8.71	8.72	8.75	8.55	44,119	3,808.07	股吧
sh600639	浦东金桥	　13.21	+0.09	+0.686%	13.14	13.21	13.12	13.03	13.21	12.93	25,116	3,283.71	股吧
sh600640	号百控股	　13.35	-0.08	-0.596%	13.34	13.35	13.43	13.51	13.63	13.21	17,418	2,331.76	股吧
sh600642	申能股份	　5.37	+0.05	+0.940%	5.37	5.38	5.32	5.35	5.42	5.33	102,772	5,532.12	股吧
sh600643	爱建集团	　7.92	-0.12	-1.493%	7.92	7.95	8.04	8.03	8.04	7.91	49,146	3,914.37	股吧
sh600645	中源协和	　20.93	-0.37	-1.737%	20.91	20.93	21.30	21.35	21.38	20.81	45,620	9,586.28	股吧
sh600648	外高桥	　14.39	+0.05	+0.349%	14.39	14.40	14.34	14.34	14.44	14.28	26,976	3,862.87	股吧
sh600649	城投控股	　5.50	-0.02	-0.362%	5.50	5.51	5.52	5.50	5.54	5.46	33,752	1,853.14	股吧
sh600657	信达地产	　4.26	-0.03	-0.699%	4.26	4.27	4.29	4.26	4.32	4.24	54,609	2,334.43	股吧
sh600664	哈药股份	　3.22	+0.01	+0.312%	3.21	3.22	3.21	3.21	3.24	3.19	100,274	3,224.64	股吧
sh600667	太极实业	　9.79	-0.04	-0.407%	9.79	9.80	9.83	9.95	10.08	9.77	167,431	16,563.44	股吧
sh600673	东阳光	　5.32	+0.03	+0.567%	5.32	5.33	5.29	5.29	5.43	5.26	171,315	9,180.81	股吧
sh600675	中华企业	　3.58	-0.05	-1.377%	3.58	3.59	3.63	3.62	3.65	3.58	37,438	1,349.28	股吧
sh600699	均胜电子	　24.82	+0.55	+2.266%	24.82	24.83	24.27	24.35	25.05	24.28	199,600	49,518.51	股吧
sh600704	物产中大	　4.44	-0.03	-0.671%	4.43	4.44	4.47	4.46	4.49	4.42	199,332	8,878.82	股吧
sh600707	彩虹股份	　6.40	-0.49	-7.112%	6.39	6.40	6.89	7.00	7.08	6.24	1,951,430	127,822.36	股吧
sh600717	天津港	　4.73	-0.02	-0.421%	4.72	4.73	4.75	4.76	4.76	4.71	54,433	2,575.88	股吧
sh600718	东软集团	　10.94	-0.07	-0.636%	10.93	10.94	11.01	11.04	11.06	10.89	47,839	5,248.95	股吧
sh600728	佳都科技	　8.14	-0.08	-0.973%	8.14	8.15	8.22	8.18	8.24	8.10	82,041	6,688.97	股吧
sh600729	重庆百货	　28.95	-0.29	-0.992%	28.95	28.96	29.24	29.29	29.31	28.86	13,140	3,816.91	股吧
sh600733	北汽蓝谷	　8.23	+0.20	+2.491%	8.22	8.23	8.03	7.95	8.39	7.86	563,371	46,199.28	股吧
sh600737	中粮糖业	　9.02	-0.01	-0.111%	9.02	9.03	9.03	9.15	9.20	8.97	423,870	38,455.57	股吧
sh600739	辽宁成大	　25.73	+0.80	+3.209%	25.73	25.75	24.93	24.91	26.02	24.79	287,945	73,537.02	股吧
sh600748	上实发展	　5.05	-0.06	-1.174%	5.05	5.07	5.11	5.12	5.17	5.05	61,744	3,149.74	股吧
sh600754	锦江酒店	　52.07	-3.23	-5.841%	52.07	52.08	55.30	55.54	56.00	51.79	70,526	37,195.02	股吧
sh600755	厦门国贸	　6.89	-0.04	-0.577%	6.89	6.90	6.93	6.91	6.96	6.87	94,399	6,525.47	股吧
sh600765	中航重机	　17.93	-0.57	-3.081%	17.92	17.93	18.50	18.46	18.50	17.87	212,113	38,382.13	股吧
sh600776	东方通信	　12.08	-0.05	-0.412%	12.08	12.09	12.13	12.15	12.19	12.04	36,289	4,387.73	股吧
sh600782	新钢股份	　4.65	+0.17	+3.795%	4.64	4.65	4.48	4.50	4.72	4.49	534,887	24,672.34	股吧
sh600787	中储股份	　4.63	-0.03	-0.644%	4.61	4.63	4.66	4.66	4.69	4.56	66,621	3,073.10	股吧
sh600801	华新水泥	　22.56	-0.13	-0.573%	22.55	22.56	22.69	22.70	22.88	22.52	73,612	16,666.07	股吧
sh600804	鹏博士	　7.10	-0.09	-1.252%	7.10	7.11	7.19	7.20	7.26	7.08	155,549	11,136.83	股吧
sh600808	马钢股份	　2.75	+0.06	+2.230%	2.75	2.76	2.69	2.70	2.77	2.69	611,127	16,762.08	股吧
sh600811	东方集团	　3.80	-0.02	-0.524%	3.80	3.81	3.82	3.80	3.86	3.78	218,305	8,345.04	股吧
sh600820	隧道股份	　5.63	-0.02	-0.354%	5.63	5.64	5.65	5.65	5.69	5.61	100,611	5,674.57	股吧
sh600823	世茂股份	　5.19	-0.13	-2.444%	5.19	5.20	5.32	5.29	5.34	5.18	71,506	3,734.29	股吧
sh600827	百联股份	　14.18	-0.10	-0.700%	14.17	14.18	14.28	14.12	14.20	13.96	153,827	21,640.05	股吧
sh600835	上海机电	　19.16	-0.07	-0.364%	19.16	19.18	19.23	19.23	19.43	19.10	36,894	7,101.96	股吧
sh600839	四川长虹	　2.91	-0.01	-0.342%	2.90	2.91	2.92	2.90	2.94	2.89	384,041	11,185.37	股吧
sh600859	王府井	　33.50	-1.19	-3.430%	33.49	33.50	34.69	34.50	35.24	33.23	205,534	69,730.98	股吧
sh600862	中航高科	　25.82	+0.45	+1.774%	25.81	25.82	25.37	25.20	26.06	25.00	130,503	33,536.15	股吧
sh600863	内蒙华电	　2.58	+0.02	+0.781%	2.57	2.58	2.56	2.56	2.61	2.55	195,608	5,059.77	股吧
sh600867	通化东宝	　13.17	-0.03	-0.227%	13.15	13.17	13.20	13.19	13.30	13.11	102,982	13,588.60	股吧
sh600869	智慧能源	　3.47	-0.07	-1.977%	3.46	3.47	3.54	3.50	3.55	3.45	139,960	4,870.45	股吧
sh600871	石化油服	　2.03	-0.02	-0.976%	2.02	2.03	2.05	2.05	2.09	2.01	548,433	11,203.07	股吧
sh600875	东方电气	　10.03	+0.02	+0.200%	10.03	10.04	10.01	10.00	10.15	10.00	134,068	13,511.13	股吧
sh600879	航天电子	　6.72	+0.06	+0.901%	6.72	6.73	6.66	6.70	6.88	6.66	418,519	28,381.98	股吧
sh600881	亚泰集团	　3.14	0.00	0.000%	3.14	3.15	3.14	3.13	3.15	3.10	82,005	2,566.27	股吧
sh600884	杉杉股份	　16.33	+0.13	+0.802%	16.32	16.33	16.20	16.25	16.57	15.85	469,411	76,174.42	股吧
sh600885	宏发股份	　50.92	+2.92	+6.083%	50.92	50.96	48.00	48.41	51.47	48.05	118,674	59,705.89	股吧
sh600895	张江高科	　17.91	+0.09	+0.505%	17.90	17.91	17.82	17.92	18.12	17.85	72,241	12,966.11	股吧
sh600901	江苏租赁	　5.66	-0.09	-1.565%	5.66	5.67	5.75	5.73	5.78	5.65	73,418	4,180.97	股吧
sh600903	贵州燃气	　12.73	+1.16	+10.026%	12.73	0.00	11.57	11.57	12.73	11.57	555,854	69,501.64	股吧
sh600908	无锡银行	　5.76	-0.08	-1.370%	5.76	5.77	5.84	5.84	5.87	5.75	106,881	6,198.91	股吧
sh600909	华安证券	　7.81	-0.12	-1.513%	7.81	7.82	7.93	7.88	7.94	7.80	243,887	19,150.91	股吧
sh600917	重庆燃气	　7.04	+0.15	+2.177%	7.03	7.04	6.89	6.91	7.14	6.87	39,935	2,798.36	股吧
sh600928	西安银行	　5.37	-0.10	-1.828%	5.37	5.38	5.47	5.41	5.45	5.35	223,798	12,065.56	股吧
sh600959	江苏有线	　3.42	-0.03	-0.870%	3.41	3.42	3.45	3.45	3.48	3.40	185,417	6,358.22	股吧
sh600967	内蒙一机	　9.41	+0.03	+0.320%	9.41	9.42	9.38	9.34	9.47	9.31	128,261	12,070.48	股吧
sh600968	海油发展	　2.50	+0.02	+0.806%	2.49	2.50	2.48	2.48	2.52	2.47	305,819	7,623.40	股吧
sh600970	中材国际	　7.31	+0.15	+2.095%	7.31	7.32	7.16	7.15	7.34	7.12	191,429	13,859.62	股吧
sh600985	淮北矿业	　11.39	+0.59	+5.463%	11.38	11.39	10.80	11.00	11.52	11.00	207,015	23,355.55	股吧
sh601000	唐山港	　2.52	+0.01	+0.398%	2.51	2.52	2.51	2.50	2.54	2.50	293,337	7,395.21	股吧
sh601003	柳钢股份	　5.44	+0.10	+1.873%	5.43	5.44	5.34	5.35	5.48	5.31	183,247	9,914.60	股吧
代码	名称	最新价	涨跌额	涨跌幅	买入	卖出	昨收	今开	最高	最低	成交量/手	成交额/万	股吧
sh601005	重庆钢铁	　1.53	+0.02	+1.325%	1.53	1.54	1.51	1.50	1.56	1.50	772,449	11,839.02	股吧
sh601016	节能风电	　2.80	+0.03	+1.083%	2.79	2.80	2.77	2.78	2.85	2.77	551,297	15,477.45	股吧
sh601068	中铝国际	　3.58	+0.02	+0.562%	3.57	3.58	3.56	3.58	3.65	3.54	54,223	1,947.98	股吧
sh601098	中南传媒	　10.22	-0.05	-0.487%	10.20	10.22	10.27	10.30	10.30	10.16	39,797	4,067.17	股吧
sh601099	太平洋	　3.83	-0.04	-1.034%	3.82	3.83	3.87	3.84	3.88	3.80	888,788	34,099.28	股吧
sh601106	中国一重	　2.91	0.00	0.000%	2.91	2.92	2.91	2.91	2.96	2.89	176,191	5,144.61	股吧
sh601118	海南橡胶	　4.94	+0.11	+2.277%	4.94	4.95	4.83	4.83	4.96	4.80	265,302	12,983.07	股吧
sh601127	小康股份	　17.00	+0.10	+0.592%	16.99	17.00	16.90	16.06	17.97	15.96	670,157	114,442.36	股吧
sh601128	常熟银行	　7.08	-0.12	-1.667%	7.07	7.08	7.20	7.16	7.25	7.08	249,666	17,833.58	股吧
sh601139	深圳燃气	　7.37	+0.27	+3.803%	7.37	7.38	7.10	7.15	7.45	7.13	196,072	14,331.12	股吧
sh601168	西部矿业	　13.62	+0.22	+1.642%	13.62	13.63	13.40	13.75	13.93	13.40	836,113	114,524.64	股吧
sh601179	中国西电	　4.20	+0.03	+0.719%	4.20	4.21	4.17	4.18	4.26	4.17	156,909	6,620.31	股吧
sh601200	上海环境	　11.20	-0.12	-1.060%	11.20	11.21	11.32	11.32	11.40	11.19	54,994	6,195.08	股吧
sh601228	广州港	　3.32	-0.02	-0.599%	3.31	3.32	3.34	3.34	3.35	3.29	96,295	3,200.06	股吧
sh601233	桐昆股份	　19.12	-0.08	-0.417%	19.12	19.13	19.20	19.22	19.69	19.00	496,925	96,244.35	股吧
sh601298	青岛港	　6.12	+0.02	+0.328%	6.11	6.12	6.10	6.10	6.14	6.06	107,076	6,537.37	股吧
sh601333	广深铁路	　2.27	0.00	0.000%	2.27	2.29	2.27	2.27	2.30	2.26	146,879	3,355.48	股吧
sh601456	国联证券	　20.30	-0.40	-1.932%	20.29	20.30	20.70	20.29	20.62	20.01	671,361	136,233.78	股吧
sh601512	中新集团	　10.44	-0.24	-2.247%	10.43	10.44	10.68	10.68	10.77	10.40	58,976	6,205.73	股吧
sh601598	中国外运	　4.40	-0.03	-0.677%	4.39	4.40	4.43	4.43	4.51	4.36	249,660	11,061.08	股吧
sh601608	中信重工	　3.62	-0.04	-1.093%	3.62	3.63	3.66	3.64	3.69	3.61	127,854	4,653.01	股吧
sh601611	中国核建	　7.20	+0.01	+0.139%	7.20	7.21	7.19	7.19	7.32	7.18	131,435	9,517.08	股吧
sh601615	明阳智能	　18.87	+0.50	+2.722%	18.87	18.88	18.37	18.48	18.87	18.35	423,860	79,094.62	股吧
sh601689	拓普集团	　39.32	+0.27	+0.691%	39.30	39.32	39.05	39.35	39.77	38.77	74,125	29,133.96	股吧
sh601699	潞安环能	　6.74	+0.52	+8.360%	6.73	6.74	6.22	6.31	6.80	6.31	964,975	64,053.59	股吧
sh601717	郑煤机	　11.40	-0.16	-1.384%	11.40	11.41	11.56	11.49	11.98	11.18	405,016	46,766.14	股吧
sh601718	际华集团	　3.03	+0.02	+0.664%	3.03	3.04	3.01	3.00	3.06	2.99	237,954	7,221.49	股吧
sh601778	晶科科技	　7.15	+0.19	+2.730%	7.15	7.16	6.96	7.00	7.18	6.99	443,775	31,534.06	股吧
sh601799	星宇股份	　190.00	-3.49	-1.804%	190.00	190.15	193.49	193.98	194.99	187.20	14,247	27,148.64	股吧
sh601801	皖新传媒	　4.90	-0.06	-1.210%	4.90	4.92	4.96	4.96	4.96	4.90	45,434	2,237.99	股吧
sh601828	美凯龙	　8.45	-0.13	-1.515%	8.45	8.46	8.58	8.59	8.59	8.44	33,951	2,889.85	股吧
sh601860	紫金银行	　4.11	-0.07	-1.675%	4.11	4.12	4.18	4.16	4.17	4.09	452,848	18,673.67	股吧
sh601865	福莱特	　33.13	+0.62	+1.907%	33.12	33.13	32.51	32.00	33.49	31.33	241,422	78,651.97	股吧
sh601866	中远海发	　2.83	-0.09	-3.082%	2.83	2.84	2.92	2.90	2.91	2.82	925,394	26,395.48	股吧
sh601869	长飞光纤	　27.58	-0.40	-1.430%	27.58	27.59	27.98	28.00	28.00	27.51	6,804	1,882.72	股吧
sh601880	大连港	　1.94	0.00	0.000%	1.93	1.94	1.94	1.93	1.94	1.92	173,788	3,349.99	股吧
sh601928	凤凰传媒	　6.75	-0.10	-1.460%	6.75	6.77	6.85	6.88	6.88	6.74	35,193	2,388.47	股吧
sh601958	金钼股份	　6.21	+0.03	+0.485%	6.21	6.25	6.18	6.16	6.31	6.14	302,707	18,872.90	股吧
sh601966	玲珑轮胎	　32.32	-0.68	-2.061%	32.30	32.32	33.00	32.85	33.43	31.98	104,122	33,960.46	股吧
sh601969	海南矿业	　6.48	+0.26	+4.180%	6.47	6.48	6.22	6.29	6.58	6.25	212,401	13,634.38	股吧
sh601975	招商南油	　2.53	-0.01	-0.394%	2.52	2.53	2.54	2.54	2.57	2.52	335,611	8,510.48	股吧
sh601992	金隅集团	　3.02	-0.01	-0.330%	3.02	3.03	3.03	3.04	3.06	3.02	165,788	5,029.85	股吧
sh601997	贵阳银行	　7.90	-0.07	-0.878%	7.89	7.90	7.97	7.96	8.01	7.87	235,256	18,649.29	股吧
sh603000	人民网	　17.38	0.00	0.000%	17.38	17.39	17.38	17.26	17.52	17.19	56,311	9,756.58	股吧
sh603056	德邦股份	　12.55	-0.28	-2.182%	12.55	12.57	12.83	12.84	12.88	12.55	41,996	5,321.86	股吧
sh603077	和邦生物	　1.39	0.00	0.000%	1.39	1.40	1.39	1.38	1.41	1.38	647,044	9,016.39	股吧
sh603198	迎驾贡酒	　38.65	+0.49	+1.284%	38.64	38.65	38.16	38.01	39.98	37.38	252,477	97,928.66	股吧
sh603225	新凤鸣	　13.07	-0.31	-2.317%	13.07	13.08	13.38	13.25	13.57	13.06	68,501	9,060.26	股吧
sh603228	景旺电子	　28.85	-0.57	-1.937%	28.84	28.85	29.42	29.56	29.56	28.82	31,222	9,087.40	股吧
sh603256	宏和科技	　9.15	-0.04	-0.435%	9.14	9.15	9.19	9.16	9.35	9.08	26,286	2,418.92	股吧
sh603260	合盛硅业	　38.70	+0.54	+1.415%	38.70	38.71	38.16	38.20	39.44	37.81	72,654	28,214.43	股吧
sh603290	斯达半导	　270.57	+2.45	+0.914%	270.55	270.57	268.12	272.50	280.85	268.12	25,458	69,592.38	股吧
sh603317	天味食品	　70.37	-1.13	-1.580%	70.21	70.37	71.50	70.07	71.25	69.10	26,511	18,611.57	股吧
sh603328	依顿电子	　8.24	-0.18	-2.138%	8.24	8.25	8.42	8.41	8.42	8.23	39,769	3,305.52	股吧
sh603338	浙江鼎力	　99.08	-5.32	-5.096%	99.08	99.10	104.40	103.87	103.87	98.00	35,731	35,713.32	股吧
sh603345	安井食品	　188.56	-5.40	-2.784%	188.50	188.56	193.96	193.20	193.62	185.42	17,443	33,003.09	股吧
sh603355	莱克电气	　31.85	-0.65	-2.000%	31.84	31.85	32.50	32.49	32.49	31.70	9,643	3,083.96	股吧
sh603377	东方时尚	　17.53	+0.26	+1.506%	17.53	17.56	17.27	17.27	17.84	17.27	107,487	18,840.68	股吧
sh603379	三美股份	　20.77	+0.29	+1.416%	20.76	20.77	20.48	20.60	21.15	20.23	64,673	13,416.86	股吧
sh603444	吉比特	　406.00	-5.86	-1.423%	406.00	406.25	411.86	414.95	414.95	400.68	8,476	34,316.03	股吧
sh603486	科沃斯	　70.30	-2.62	-3.593%	70.30	70.32	72.92	72.00	73.20	66.73	66,067	45,728.33	股吧
sh603515	欧普照明	　29.87	-0.89	-2.893%	29.87	29.90	30.76	30.92	31.16	29.00	24,678	7,436.65	股吧
sh603568	伟明环保	　21.00	-0.24	-1.130%	21.00	21.01	21.24	21.29	21.29	20.96	22,284	4,692.83	股吧
sh603589	口子窖	　69.88	+0.81	+1.173%	69.88	69.89	69.07	68.43	72.15	67.40	144,267	100,809.02	股吧
sh603605	珀莱雅	　176.30	-3.70	-2.056%	176.00	176.30	180.00	179.00	179.58	175.03	20,373	36,070.54	股吧
sh603638	艾迪精密	　68.07	+0.11	+0.162%	68.00	68.07	67.96	68.07	68.85	67.30	15,167	10,303.74	股吧
sh603650	彤程新材	　31.24	-0.61	-1.915%	31.22	31.24	31.85	31.92	32.48	30.70	30,748	9,609.96	股吧
sh603708	家家悦	　25.27	-0.74	-2.845%	25.27	25.28	26.01	25.70	25.97	25.18	167,224	42,579.18	股吧
sh603712	七一二	　36.79	+0.13	+0.355%	36.75	36.79	36.66	36.57	37.21	36.31	27,582	10,137.89	股吧
sh603719	良品铺子	　60.00	-1.75	-2.834%	60.00	60.01	61.75	61.00	61.00	59.00	18,112	10,883.01	股吧
sh603737	三棵树	　135.46	-2.54	-1.841%	135.05	135.46	138.00	135.15	136.99	133.95	15,544	20,972.18	股吧
sh603786	科博达	　77.05	-1.89	-2.394%	77.05	77.08	78.94	78.18	78.93	76.10	9,065	6,998.28	股吧
sh603806	福斯特	　80.45	-0.26	-0.322%	80.40	80.45	80.71	81.99	82.42	79.28	46,215	37,300.98	股吧
sh603816	顾家家居	　76.36	-0.25	-0.326%	76.35	76.36	76.61	75.92	77.02	75.52	21,489	16,385.66	股吧
sh603858	步长制药	　25.08	-0.34	-1.338%	25.05	25.08	25.42	25.51	25.52	24.92	90,893	22,814.67	股吧
sh603866	桃李面包	　61.20	+0.43	+0.708%	61.20	61.22	60.77	60.78	61.20	59.73	24,114	14,519.10	股吧
sh603868	飞科电器	　48.69	-1.03	-2.072%	48.69	48.82	49.72	50.00	50.00	48.40	4,972	2,439.30	股吧
sh603882	金域医学	　107.37	-2.06	-1.882%	107.30	107.37	109.43	107.00	108.86	105.00	55,062	58,965.38	股吧
sh603883	老百姓	　67.88	-3.33	-4.676%	67.88	68.00	71.21	71.00	71.50	67.10	35,827	24,599.28	股吧
sh603885	吉祥航空	　12.12	+0.36	+3.061%	12.10	12.12	11.76	11.75	12.23	11.70	210,821	25,409.94	股吧
代码	名称	最新价	涨跌额	涨跌幅	买入	卖出	昨收	今开	最高	最低	成交量/手	成交额/万	股吧
sh603888	新华网	　18.68	-0.02	-0.107%	18.68	18.69	18.70	18.68	18.90	18.51	24,416	4,570.43	股吧
sh603893	瑞芯微	　76.10	-1.09	-1.412%	76.10	76.11	77.19	77.53	78.50	75.19	21,459	16,474.55	股吧
sh603927	中科软	　42.41	-0.32	-0.749%	42.40	42.41	42.73	42.96	43.28	42.12	43,274	18,424.48	股吧
sh603983	丸美股份	　57.90	-1.72	-2.885%	57.89	57.90	59.62	59.55	59.55	57.90	15,178	8,841.85	股吧
sh688002	睿创微纳	　107.40	-0.10	-0.093%	107.40	107.49	107.50	107.00	109.40	105.23	24,785	26,644.54	股吧
sh688029	南微医学	　183.01	-1.92	-1.038%	183.01	183.24	184.93	184.39	185.00	180.88	4,775	8,725.87	股吧
sh688088	虹软科技	　72.90	+0.59	+0.816%	72.86	72.90	72.31	72.28	74.80	71.74	26,333	19,261.55	股吧
sh688099	晶晨股份	　81.95	-1.25	-1.502%	81.92	81.95	83.20	83.57	83.78	81.90	21,275	17,588.35	股吧
sh688321	微芯生物	　39.35	-0.91	-2.260%	39.34	39.35	40.26	40.16	40.16	39.18	26,032	10,262.81	股吧
sz000008	神州高铁	　2.63	-0.02	-0.755%	2.63	2.64	2.65	2.64	2.66	2.63	107,266	2,835.68	股吧
sz000009	中国宝安	　7.29	+0.34	+4.892%	7.29	7.30	6.95	6.97	7.31	6.90	771,540	55,271.89	股吧
sz000012	南 玻Ａ	　7.21	+0.37	+5.409%	7.21	7.22	6.84	6.89	7.35	6.81	1,094,247	78,376.04	股吧
sz000021	深科技	　20.26	+0.15	+0.746%	20.20	20.26	20.11	20.68	20.68	19.86	117,675	23,752.87	股吧
sz000027	深圳能源	　5.60	+0.17	+3.131%	5.60	5.61	5.43	5.47	5.65	5.47	313,692	17,528.71	股吧
sz000028	国药一致	　47.11	-0.08	-0.170%	47.10	47.11	47.19	47.20	47.30	46.73	37,444	17,573.76	股吧
sz000031	大悦城	　4.59	-0.04	-0.864%	4.59	4.60	4.63	4.62	4.66	4.59	44,421	2,050.61	股吧
sz000039	中集集团	　14.86	-0.06	-0.402%	14.86	14.87	14.92	15.07	15.23	14.76	162,556	24,333.50	股吧
sz000046	泛海控股	　3.73	+0.02	+0.539%	3.73	3.74	3.71	3.72	3.75	3.69	73,266	2,726.44	股吧
sz000050	深天马Ａ	　14.82	-0.10	-0.670%	14.81	14.82	14.92	14.91	14.95	14.70	114,710	17,016.10	股吧
sz000060	中金岭南	　4.82	+0.02	+0.417%	4.81	4.82	4.80	4.76	4.87	4.74	855,457	41,212.39	股吧
sz000061	农 产 品	　6.65	-0.03	-0.449%	6.65	6.66	6.68	6.70	6.78	6.63	73,410	4,917.32	股吧
sz000062	深圳华强	　12.94	-0.18	-1.372%	12.93	12.94	13.12	13.19	13.23	12.92	22,952	2,985.64	股吧
sz000078	海王生物	　4.03	-0.08	-1.946%	4.03	4.04	4.11	4.09	4.10	4.02	214,141	8,681.65	股吧
sz000089	深圳机场	　8.33	-0.04	-0.478%	8.33	8.34	8.37	8.39	8.44	8.28	76,580	6,393.45	股吧
sz000090	天健集团	　6.12	-0.04	-0.649%	6.11	6.12	6.16	6.14	6.23	6.09	73,235	4,502.74	股吧
sz000156	华数传媒	　8.98	-0.09	-0.992%	8.97	8.98	9.07	9.07	9.21	8.95	48,781	4,407.88	股吧
sz000158	常山北明	　6.70	-0.14	-2.047%	6.70	6.71	6.84	6.80	6.83	6.69	147,548	9,934.98	股吧
sz000301	东方盛虹	　10.38	+0.03	+0.290%	10.25	10.38	10.35	10.36	10.59	10.13	190,871	19,709.43	股吧
sz000400	许继电气	　15.46	+0.21	+1.377%	15.46	15.47	15.25	15.23	15.65	15.16	194,839	29,998.12	股吧
sz000401	冀东水泥	　14.96	-0.19	-1.254%	14.96	14.97	15.15	15.16	15.24	14.94	119,622	18,015.07	股吧
sz000402	金 融 街	　6.68	-0.01	-0.149%	6.66	6.68	6.69	6.69	6.71	6.63	56,370	3,760.55	股吧
sz000415	渤海租赁	　2.59	-0.03	-1.145%	2.58	2.59	2.62	2.64	2.64	2.58	107,457	2,798.51	股吧
sz000488	晨鸣纸业	　6.36	-0.04	-0.625%	6.35	6.36	6.40	6.38	6.48	6.35	324,987	20,796.42	股吧
sz000501	鄂武商Ａ	　12.25	-0.19	-1.527%	12.25	12.26	12.44	12.43	12.82	12.20	139,676	17,449.37	股吧
sz000513	丽珠集团	　44.30	-1.35	-2.957%	44.30	44.34	45.65	45.60	45.60	44.02	82,372	36,747.76	股吧
sz000519	中兵红箭	　9.06	+0.03	+0.332%	9.06	9.07	9.03	9.03	9.19	9.00	173,968	15,809.20	股吧
sz000528	柳 工	　7.44	-0.11	-1.457%	7.44	7.45	7.55	7.52	7.53	7.42	185,703	13,866.01	股吧
sz000537	广宇发展	　6.37	-0.07	-1.087%	6.37	6.38	6.44	6.47	6.49	6.37	41,572	2,670.29	股吧
sz000540	中天金融	　3.20	-0.05	-1.538%	3.20	3.21	3.25	3.23	3.29	3.20	274,082	8,861.39	股吧
sz000543	皖能电力	　4.11	+0.09	+2.239%	4.11	4.12	4.02	4.05	4.14	4.04	337,872	13,863.89	股吧
sz000547	航天发展	　23.73	+1.13	+5.000%	23.72	23.73	22.60	22.60	24.54	22.48	443,754	105,469.11	股吧
sz000553	安道麦A	　8.02	-0.08	-0.988%	8.02	8.04	8.10	8.19	8.19	7.97	17,413	1,402.95	股吧
sz000559	万向钱潮	　5.70	-0.02	-0.350%	5.70	5.71	5.72	5.70	5.82	5.69	158,408	9,094.39	股吧
sz000563	陕国投Ａ	　3.73	-0.01	-0.267%	3.73	3.74	3.74	3.73	3.76	3.71	170,729	6,377.80	股吧
sz000564	供销大集	　2.79	+0.02	+0.722%	2.79	2.80	2.77	2.76	2.90	2.75	352,926	9,935.35	股吧
sz000581	威孚高科	　23.76	+0.06	+0.253%	23.75	23.76	23.70	23.68	23.90	23.54	51,509	12,215.66	股吧
sz000598	兴蓉环境	　4.91	-0.02	-0.406%	4.91	4.92	4.93	4.93	4.96	4.89	57,259	2,820.26	股吧
sz000600	建投能源	　5.51	+0.11	+2.037%	5.50	5.51	5.40	5.42	5.58	5.42	126,560	6,972.89	股吧
sz000623	吉林敖东	　16.82	-0.19	-1.117%	16.82	16.83	17.01	17.00	17.03	16.77	68,742	11,612.39	股吧
sz000629	攀钢钒钛	　2.30	+0.02	+0.877%	2.30	2.31	2.28	2.28	2.33	2.26	864,984	19,840.60	股吧
sz000630	铜陵有色	　2.57	+0.02	+0.784%	2.56	2.57	2.55	2.56	2.61	2.54	1,850,091	47,722.84	股吧
sz000636	风华高科	　32.67	-1.13	-3.343%	32.67	32.68	33.80	33.99	34.05	32.36	217,735	72,047.64	股吧
sz000681	视觉中国	　14.75	+0.01	+0.068%	14.75	14.77	14.74	14.74	14.96	14.54	52,639	7,751.17	股吧
sz000685	中山公用	　8.38	-0.05	-0.593%	8.38	8.40	8.43	8.43	8.48	8.34	45,443	3,819.12	股吧
sz000686	东北证券	　9.54	-0.12	-1.242%	9.54	9.55	9.66	9.60	9.69	9.51	167,127	16,027.88	股吧
sz000690	宝新能源	　6.86	+0.01	+0.146%	6.85	6.86	6.85	6.88	7.00	6.82	150,469	10,370.18	股吧
sz000709	河钢股份	　2.30	+0.10	+4.545%	2.30	2.31	2.20	2.21	2.31	2.20	1,496,970	34,036.24	股吧
sz000717	韶钢松山	　4.59	+0.14	+3.146%	4.58	4.59	4.45	4.46	4.67	4.45	482,391	22,019.75	股吧
sz000718	苏宁环球	　3.28	-0.04	-1.205%	3.28	3.29	3.32	3.30	3.35	3.28	136,326	4,512.70	股吧
sz000729	燕京啤酒	　8.55	+0.03	+0.352%	8.55	8.56	8.52	8.50	8.80	8.36	539,409	46,373.29	股吧
sz000732	泰禾集团	　3.43	+0.05	+1.479%	3.42	3.43	3.38	3.37	3.45	3.36	206,960	7,044.95	股吧
sz000738	航发控制	　19.44	+0.14	+0.725%	19.43	19.44	19.30	19.24	19.63	19.21	124,935	24,319.47	股吧
sz000739	普洛药业	　23.08	-1.00	-4.153%	23.07	23.08	24.08	24.38	24.38	22.90	125,867	29,230.53	股吧
sz000750	国海证券	　5.36	-0.06	-1.107%	5.36	5.37	5.42	5.39	5.44	5.35	624,902	33,643.72	股吧
sz000758	中色股份	　4.90	+0.03	+0.616%	4.90	4.91	4.87	4.87	5.02	4.82	533,652	26,250.07	股吧
sz000778	新兴铸管	　3.74	-0.01	-0.267%	3.74	3.75	3.75	3.75	3.78	3.73	252,440	9,479.69	股吧
sz000807	云铝股份	　8.50	+0.03	+0.354%	8.50	8.51	8.47	8.56	8.77	8.42	1,445,753	124,028.18	股吧
sz000813	德展健康	　5.95	-0.02	-0.335%	5.94	5.95	5.97	5.94	6.11	5.86	214,181	12,778.11	股吧
sz000825	太钢不锈	　3.70	+0.04	+1.093%	3.69	3.70	3.66	3.67	3.75	3.65	280,237	10,371.39	股吧
sz000826	启迪环境	　7.08	-0.11	-1.530%	7.08	7.09	7.19	7.17	7.20	7.05	73,457	5,218.32	股吧
sz000830	鲁西化工	　13.60	+0.76	+5.919%	13.59	13.60	12.84	12.82	13.93	12.78	707,717	95,918.28	股吧
sz000869	张 裕Ａ	　46.74	+1.62	+3.590%	46.74	46.75	45.12	45.60	48.16	45.09	105,928	49,736.70	股吧
sz000877	天山股份	　15.94	+0.09	+0.568%	15.93	15.94	15.85	15.76	16.16	15.72	177,202	28,207.74	股吧
sz000878	云南铜业	　15.64	+0.15	+0.968%	15.64	15.65	15.49	15.58	15.85	15.50	448,724	70,352.18	股吧
sz000883	湖北能源	　3.90	+0.09	+2.362%	3.89	3.90	3.81	3.84	3.92	3.83	181,917	7,063.04	股吧
sz000887	中鼎股份	　12.67	+0.11	+0.876%	12.67	12.68	12.56	12.59	12.92	12.53	215,688	27,441.67	股吧
sz000898	鞍钢股份	　3.20	+0.01	+0.313%	3.19	3.20	3.19	3.19	3.24	3.18	428,176	13,753.56	股吧
sz000930	中粮科技	　9.03	-0.16	-1.741%	9.02	9.03	9.19	9.08	9.20	9.02	391,965	35,630.72	股吧
sz000932	华菱钢铁	　5.01	+0.09	+1.829%	5.01	5.02	4.92	4.97	5.10	4.94	551,968	27,681.43	股吧
sz000937	冀中能源	　4.09	+0.37	+9.946%	4.09	0.00	3.72	3.77	4.09	3.77	967,391	38,521.01	股吧
代码	名称	最新价	涨跌额	涨跌幅	买入	卖出	昨收	今开	最高	最低	成交量/手	成交额/万	股吧
sz000959	首钢股份	　3.99	+0.07	+1.786%	3.98	3.99	3.92	3.97	4.05	3.96	168,670	6,755.12	股吧
sz000960	锡业股份	　11.32	-0.12	-1.049%	11.32	11.33	11.44	11.30	11.46	11.19	368,225	41,659.65	股吧
sz000967	盈峰环境	　8.68	-0.04	-0.459%	8.68	8.69	8.72	8.72	8.78	8.64	45,739	3,977.57	股吧
sz000970	中科三环	　9.58	0.00	0.000%	9.58	9.59	9.58	9.50	9.70	9.50	106,276	10,207.92	股吧
sz000975	银泰黄金	　8.92	+0.02	+0.225%	8.92	8.93	8.90	9.01	9.09	8.91	241,872	21,750.78	股吧
sz000983	山西焦煤	　5.79	+0.34	+6.239%	5.78	5.79	5.45	5.54	5.88	5.50	1,516,415	86,805.16	股吧
sz000988	华工科技	　23.35	-0.78	-3.232%	23.35	23.39	24.13	24.13	24.35	23.30	150,243	35,507.30	股吧
sz000990	诚志股份	　12.98	-0.24	-1.815%	12.98	13.02	13.22	13.11	13.34	12.90	36,374	4,758.21	股吧
sz000997	新 大 陆	　16.17	+0.13	+0.810%	16.16	16.17	16.04	16.04	16.32	15.95	197,914	31,950.13	股吧
sz000998	隆平高科	　16.94	+0.23	+1.376%	16.94	16.95	16.71	16.71	17.11	16.54	243,265	40,895.46	股吧
sz000999	华润三九	　25.69	-0.23	-0.887%	25.68	25.69	25.92	25.82	26.00	25.60	34,714	8,949.65	股吧
sz001872	招商港口	　15.66	+0.30	+1.953%	15.66	15.67	15.36	15.42	15.91	15.36	24,383	3,811.48	股吧
sz001914	招商积余	　22.00	-0.85	-3.720%	22.00	22.03	22.85	23.13	23.15	21.95	90,214	19,992.66	股吧
sz002002	鸿达兴业	　3.18	-0.03	-0.935%	3.18	3.19	3.21	3.23	3.33	3.17	997,032	32,306.85	股吧
sz002004	华邦健康	　5.93	-0.13	-2.145%	5.92	5.93	6.06	6.03	6.04	5.89	337,099	20,062.17	股吧
sz002010	传化智联	　5.00	-0.05	-0.990%	5.00	5.01	5.05	5.05	5.08	5.00	71,893	3,619.43	股吧
sz002013	中航机电	　10.05	+0.07	+0.701%	10.05	10.06	9.98	9.92	10.22	9.92	329,892	33,162.37	股吧
sz002019	亿帆医药	　20.88	-0.47	-2.201%	20.87	20.88	21.35	21.48	21.48	20.77	85,667	17,997.78	股吧
sz002028	思源电气	　20.75	-0.18	-0.860%	20.75	20.76	20.93	20.96	21.11	20.63	78,226	16,309.53	股吧
sz002030	达安基因	　31.12	-0.91	-2.841%	31.12	31.13	32.03	32.03	32.03	31.05	194,222	61,174.34	股吧
sz002038	双鹭药业	　10.75	-0.24	-2.184%	10.75	10.77	10.99	10.97	10.99	10.74	53,581	5,800.26	股吧
sz002048	宁波华翔	　15.51	-0.13	-0.831%	15.51	15.52	15.64	15.60	15.78	15.44	45,873	7,166.90	股吧
sz002051	中工国际	　7.25	-0.06	-0.821%	7.25	7.27	7.31	7.33	7.34	7.23	24,864	1,809.85	股吧
sz002056	横店东磁	　14.19	+0.28	+2.013%	14.18	14.19	13.91	13.84	14.28	13.77	343,369	48,372.81	股吧
sz002064	华峰氨纶	　9.46	-0.14	-1.458%	9.46	9.47	9.60	9.54	10.05	9.28	340,222	32,721.08	股吧
sz002074	国轩高科	　35.15	+0.11	+0.314%	35.15	35.16	35.04	35.06	35.98	34.61	829,914	292,280.80	股吧
sz002075	沙钢股份	　10.90	0.00	0.000%	10.90	10.91	10.90	11.02	11.13	10.85	331,879	36,432.32	股吧
sz002078	太阳纸业	　14.05	-0.18	-1.265%	14.05	14.08	14.23	14.24	14.53	14.05	186,107	26,500.10	股吧
sz002080	中材科技	　21.38	+0.81	+3.938%	21.37	21.38	20.57	20.66	22.08	20.60	364,137	78,238.85	股吧
sz002081	金 螳 螂	　10.21	+0.16	+1.592%	10.21	10.23	10.05	10.10	10.24	10.03	102,482	10,396.02	股吧
sz002085	万丰奥威	　7.11	-0.07	-0.975%	7.11	7.12	7.18	7.16	7.25	7.08	251,451	17,999.46	股吧
sz002092	中泰化学	　5.95	-0.02	-0.335%	5.94	5.95	5.97	5.94	6.04	5.90	179,474	10,678.55	股吧
sz002093	国脉科技	　7.55	-0.09	-1.178%	7.55	7.57	7.64	7.68	7.68	7.54	26,502	2,015.56	股吧
sz002110	三钢闽光	　7.07	+0.08	+1.144%	7.06	7.07	6.99	7.00	7.13	6.96	272,671	19,245.54	股吧
sz002124	天邦股份	　15.39	-0.50	-3.147%	15.39	15.40	15.89	15.80	15.80	15.35	219,446	34,074.68	股吧
sz002128	露天煤业	　11.55	+0.77	+7.143%	11.55	11.56	10.78	11.08	11.67	10.95	580,036	66,207.19	股吧
sz002131	利欧股份	　3.13	-0.03	-0.949%	3.13	3.14	3.16	3.15	3.18	3.12	711,022	22,334.19	股吧
sz002138	顺络电子	　25.21	-0.30	-1.176%	25.20	25.21	25.51	25.51	25.58	24.92	72,037	18,143.28	股吧
sz002152	广电运通	　10.79	-0.12	-1.100%	10.79	10.80	10.91	10.91	10.98	10.79	120,140	13,048.82	股吧
sz002155	湖南黄金	　8.47	+0.03	+0.355%	8.47	8.48	8.44	8.50	8.56	8.44	159,305	13,540.42	股吧
sz002156	通富微电	　25.48	-0.59	-2.263%	25.48	25.49	26.07	26.46	26.56	25.21	396,323	102,300.72	股吧
sz002174	游族网络	　14.27	-0.44	-2.991%	14.27	14.28	14.71	14.71	14.84	14.22	315,577	45,616.71	股吧
sz002183	怡 亚 通	　4.43	-0.09	-1.991%	4.43	4.44	4.52	4.51	4.55	4.43	112,993	5,063.35	股吧
sz002185	华天科技	　13.94	+0.01	+0.072%	13.93	13.94	13.93	14.21	14.30	13.84	640,835	90,111.38	股吧
sz002191	劲嘉股份	　9.89	-0.11	-1.100%	9.89	9.90	10.00	10.02	10.15	9.82	117,300	11,658.05	股吧
sz002195	二三四五	　2.34	-0.01	-0.426%	2.33	2.34	2.35	2.34	2.41	2.33	857,277	20,250.79	股吧
sz002203	海亮股份	　7.90	-0.10	-1.250%	7.90	7.91	8.00	7.95	8.04	7.87	60,407	4,788.32	股吧
sz002212	天融信	　20.30	-0.28	-1.361%	20.30	20.35	20.58	20.55	20.74	20.10	56,077	11,410.75	股吧
sz002217	合力泰	　4.17	-0.09	-2.113%	4.17	4.18	4.26	4.25	4.31	4.16	260,358	10,952.08	股吧
sz002221	东华能源	　10.44	-0.18	-1.695%	10.43	10.44	10.62	10.67	10.69	10.36	134,233	14,079.48	股吧
sz002223	鱼跃医疗	　27.82	-0.15	-0.536%	27.82	27.83	27.97	28.00	28.06	27.62	103,092	28,654.47	股吧
sz002233	塔牌集团	　12.87	-0.11	-0.847%	12.87	12.88	12.98	12.92	13.07	12.81	89,916	11,605.79	股吧
sz002242	九阳股份	　36.14	+0.69	+1.946%	36.14	36.15	35.45	36.00	36.48	34.88	136,844	49,185.01	股吧
sz002244	滨江集团	　4.79	-0.04	-0.828%	4.78	4.79	4.83	4.85	4.85	4.77	142,857	6,855.28	股吧
sz002249	大洋电机	　4.15	-0.02	-0.480%	4.14	4.15	4.17	4.14	4.25	4.13	482,822	20,222.12	股吧
sz002250	联化科技	　23.91	-0.75	-3.041%	23.89	23.91	24.66	24.82	24.88	23.80	53,212	12,828.89	股吧
sz002266	浙富控股	　4.41	+0.01	+0.227%	4.40	4.41	4.40	4.39	4.45	4.36	110,525	4,872.71	股吧
sz002268	卫 士 通	　17.84	-0.18	-0.999%	17.83	17.84	18.02	18.10	18.15	17.72	38,266	6,832.29	股吧
sz002273	水晶光电	　12.10	-0.17	-1.385%	12.10	12.11	12.27	12.26	12.32	12.08	102,999	12,515.28	股吧
sz002281	光迅科技	　29.44	-0.01	-0.034%	29.44	29.45	29.45	29.55	29.73	29.23	43,007	12,687.48	股吧
sz002294	信立泰	　29.40	-0.62	-2.065%	29.39	29.40	30.02	30.02	30.12	29.36	66,265	19,664.21	股吧
sz002299	圣农发展	　27.12	-0.55	-1.988%	27.11	27.12	27.67	27.78	27.80	27.06	107,546	29,412.02	股吧
sz002302	西部建设	　9.02	-0.09	-0.988%	9.01	9.02	9.11	9.12	9.14	8.98	59,747	5,405.42	股吧
sz002317	众生药业	　12.96	-0.32	-2.410%	12.96	12.97	13.28	13.18	13.20	12.87	103,221	13,431.20	股吧
sz002340	格林美	　5.63	+0.03	+0.536%	5.62	5.63	5.60	5.60	5.79	5.55	4,571,344	259,277.11	股吧
sz002353	杰瑞股份	　36.28	-1.22	-3.253%	36.28	36.29	37.50	37.49	37.49	35.82	125,110	45,508.77	股吧
sz002368	太极股份	　27.60	-0.65	-2.301%	27.58	27.60	28.25	28.37	28.45	27.54	46,069	12,833.73	股吧
sz002372	伟星新材	　19.06	+0.14	+0.740%	19.04	19.06	18.92	19.15	19.15	18.68	56,736	10,704.40	股吧
sz002373	千方科技	　19.40	-0.08	-0.411%	19.36	19.40	19.48	19.58	19.65	19.30	96,482	18,740.09	股吧
sz002375	亚厦股份	　7.78	-0.30	-3.713%	7.77	7.78	8.08	8.08	8.08	7.73	113,332	8,869.05	股吧
sz002382	蓝帆医疗	　21.36	-0.26	-1.203%	21.35	21.36	21.62	21.55	21.57	21.10	200,433	42,622.20	股吧
sz002385	大北农	　9.35	+0.15	+1.630%	9.35	9.36	9.20	9.11	9.60	9.06	1,612,376	150,586.97	股吧
sz002387	维信诺	　12.46	+0.06	+0.484%	12.45	12.46	12.40	12.40	12.61	12.35	45,915	5,713.00	股吧
sz002390	信邦制药	　6.50	-0.08	-1.216%	6.49	6.50	6.58	6.62	6.62	6.44	67,272	4,363.84	股吧
sz002396	星网锐捷	　24.43	-0.48	-1.927%	24.43	24.44	24.91	24.94	24.95	24.37	68,913	16,940.36	股吧
sz002399	海普瑞	　18.06	-0.29	-1.580%	18.05	18.06	18.35	18.36	18.41	18.02	34,242	6,214.91	股吧
sz002408	齐翔腾达	　8.78	+0.06	+0.688%	8.77	8.78	8.72	8.73	8.94	8.70	121,646	10,717.89	股吧
sz002416	爱施德	　8.76	+0.05	+0.574%	8.76	8.77	8.71	8.70	8.95	8.59	216,858	19,115.57	股吧
sz002419	天虹股份	　8.38	-0.06	-0.711%	8.38	8.41	8.44	8.43	8.45	8.34	23,372	1,960.00	股吧
sz002423	中粮资本	　9.24	-0.15	-1.597%	9.24	9.25	9.39	9.40	9.44	9.21	37,264	3,455.42	股吧
代码	名称	最新价	涨跌额	涨跌幅	买入	卖出	昨收	今开	最高	最低	成交量/手	成交额/万	股吧
sz002424	贵州百灵	　8.36	-0.10	-1.182%	8.36	8.38	8.46	8.53	8.53	8.32	68,508	5,746.31	股吧
sz002429	兆驰股份	　6.11	-0.26	-4.082%	6.11	6.12	6.37	6.35	6.35	6.08	673,795	41,632.11	股吧
sz002434	万里扬	　8.87	-0.03	-0.337%	8.86	8.87	8.90	8.90	8.93	8.77	97,614	8,633.00	股吧
sz002440	闰土股份	　9.58	-0.09	-0.931%	9.58	9.59	9.67	9.67	9.77	9.52	44,869	4,320.67	股吧
sz002444	巨星科技	　25.94	-1.56	-5.673%	25.93	25.94	27.50	26.79	26.90	25.10	267,487	69,764.34	股吧
sz002458	益生股份	　11.49	-0.23	-1.962%	11.49	11.50	11.72	11.52	11.69	11.45	111,078	12,793.82	股吧
sz002465	海格通信	　10.80	+0.09	+0.840%	10.80	10.81	10.71	10.78	11.09	10.67	278,095	30,199.00	股吧
sz002468	申通快递	　10.83	-0.24	-2.168%	10.83	10.84	11.07	11.02	11.06	10.82	99,411	10,851.70	股吧
sz002500	山西证券	　7.71	-0.08	-1.027%	7.71	7.72	7.79	7.78	7.82	7.70	146,274	11,337.01	股吧
sz002503	搜于特	　2.11	-0.02	-0.939%	2.11	2.12	2.13	2.12	2.16	2.10	265,199	5,636.50	股吧
sz002505	大康农业	　2.67	-0.03	-1.111%	2.66	2.67	2.70	2.69	2.71	2.62	997,872	26,565.41	股吧
sz002506	协鑫集成	　4.33	+0.14	+3.341%	4.32	4.33	4.19	4.21	4.35	4.17	2,185,518	93,499.73	股吧
sz002507	涪陵榨菜	　43.09	-0.81	-1.845%	43.08	43.09	43.90	43.78	43.78	42.35	123,005	52,776.34	股吧
sz002511	中顺洁柔	　20.93	-0.26	-1.227%	20.91	20.93	21.19	21.18	21.20	20.75	138,265	28,950.45	股吧
sz002544	杰赛科技	　15.01	-0.27	-1.767%	15.01	15.02	15.28	15.28	15.35	14.91	60,004	9,053.43	股吧
sz002557	洽洽食品	　58.30	-2.70	-4.426%	58.29	58.30	61.00	60.16	60.55	57.71	68,385	40,148.56	股吧
sz002563	森马服饰	　9.40	-0.06	-0.634%	9.39	9.40	9.46	9.40	9.50	9.30	71,982	6,751.05	股吧
sz002568	百润股份	　97.40	+0.96	+0.995%	97.37	97.40	96.44	95.92	98.49	95.40	32,766	31,865.96	股吧
sz002572	索菲亚	　26.22	-0.48	-1.798%	26.21	26.22	26.70	26.67	26.69	26.13	50,745	13,339.44	股吧
sz002583	海能达	　6.27	-0.03	-0.476%	6.27	6.28	6.30	6.27	6.35	6.21	70,425	4,413.85	股吧
sz002589	瑞康医药	　5.57	-0.12	-2.109%	5.57	5.58	5.69	5.70	5.70	5.57	110,781	6,221.41	股吧
sz002595	豪迈科技	　25.89	+0.16	+0.622%	25.85	25.89	25.73	25.79	26.10	25.55	25,328	6,556.73	股吧
sz002603	以岭药业	　24.41	-0.36	-1.453%	24.40	24.41	24.77	24.77	24.80	24.24	70,899	17,365.90	股吧
sz002625	光启技术	　19.10	+0.31	+1.650%	19.09	19.10	18.79	18.81	19.34	18.77	162,654	30,936.66	股吧
sz002635	安洁科技	　18.00	-0.34	-1.854%	18.00	18.01	18.34	18.40	18.68	18.00	49,687	9,056.20	股吧
sz002640	跨境通	　5.35	-0.07	-1.292%	5.34	5.35	5.42	5.38	5.44	5.30	175,704	9,415.46	股吧
sz002648	卫星石化	　26.19	+0.16	+0.615%	26.19	26.20	26.03	26.06	26.54	25.73	94,226	24,656.26	股吧
sz002653	海思科	　19.80	-0.57	-2.798%	19.80	19.83	20.37	20.41	20.42	19.45	48,465	9,635.65	股吧
sz002670	国盛金控	　12.16	-0.81	-6.245%	12.15	12.16	12.97	12.44	12.57	12.05	1,134,476	139,250.94	股吧
sz002683	宏大爆破	　35.45	+0.71	+2.044%	35.44	35.45	34.74	34.81	35.80	34.61	89,905	31,716.64	股吧
sz002690	美亚光电	　48.23	-1.42	-2.860%	48.23	48.25	49.65	49.90	49.94	48.12	15,726	7,679.79	股吧
sz002701	奥瑞金	　5.67	+0.10	+1.795%	5.67	5.68	5.57	5.63	5.74	5.58	217,788	12,358.14	股吧
sz002705	新宝股份	　43.40	-1.06	-2.384%	43.39	43.40	44.46	44.40	44.54	43.27	45,579	19,872.49	股吧
sz002709	天赐材料	　99.97	+3.44	+3.564%	99.96	99.97	96.53	97.60	102.50	95.01	163,800	162,051.93	股吧
sz002745	木林森	　13.72	-0.25	-1.790%	13.72	13.74	13.97	13.95	14.09	13.70	89,728	12,435.19	股吧
sz002791	坚朗五金	　152.50	+0.95	+0.627%	152.50	152.85	151.55	154.00	154.01	147.31	16,204	24,480.82	股吧
sz002797	第一创业	　10.09	-0.16	-1.561%	10.08	10.09	10.25	10.18	10.26	10.06	683,299	69,386.24	股吧
sz002807	江阴银行	　4.13	-0.05	-1.196%	4.12	4.13	4.18	4.15	4.19	4.12	133,483	5,537.27	股吧
sz002815	崇达技术	　15.15	-0.11	-0.721%	15.15	15.17	15.26	15.26	15.44	15.15	23,240	3,545.57	股吧
sz002818	富森美	　15.40	-0.34	-2.160%	15.39	15.40	15.74	15.80	15.82	15.25	24,150	3,737.24	股吧
sz002831	裕同科技	　28.49	+0.46	+1.641%	28.49	28.50	28.03	28.07	28.74	28.07	67,420	19,203.45	股吧
sz002839	张家港行	　6.01	-0.09	-1.475%	6.01	6.02	6.10	6.08	6.12	6.00	213,837	12,933.06	股吧
sz002867	周大生	　26.35	+0.65	+2.529%	26.34	26.35	25.70	26.14	26.68	26.01	47,369	12,484.17	股吧
sz002901	大博医疗	　69.06	-2.11	-2.965%	69.06	69.07	71.17	71.17	71.17	69.02	14,280	9,948.82	股吧
sz002920	德赛西威	　72.85	-0.05	-0.069%	72.85	72.95	72.90	73.15	73.75	72.19	20,755	15,145.22	股吧
sz002925	盈趣科技	　61.16	-3.32	-5.149%	61.16	61.17	64.48	64.42	64.76	61.03	35,837	22,311.45	股吧
sz002926	华西证券	　11.84	-0.17	-1.415%	11.84	11.85	12.01	11.95	12.00	11.82	185,723	22,086.85	股吧
sz002936	郑州银行	　3.75	-0.07	-1.832%	3.74	3.75	3.82	3.78	3.81	3.74	420,807	15,854.53	股吧
sz002941	新疆交建	　11.50	+0.06	+0.524%	11.50	11.51	11.44	11.48	11.85	11.44	73,112	8,484.71	股吧
sz002946	新乳业	　19.11	-0.26	-1.342%	19.11	19.13	19.37	19.01	19.35	18.57	103,868	19,764.02	股吧
sz002948	青岛银行	　5.62	-0.27	-4.584%	5.62	5.63	5.89	5.75	5.79	5.62	918,574	52,273.22	股吧
sz002957	科瑞技术	　22.04	-0.28	-1.254%	22.04	22.06	22.32	22.24	22.39	21.76	11,996	2,640.01	股吧
sz002966	苏州银行	　7.66	-0.08	-1.034%	7.66	7.67	7.74	7.70	7.75	7.65	141,924	10,901.60	股吧
sz002985	北摩高科	　166.36	-4.64	-2.713%	166.33	166.36	171.00	170.51	172.87	166.36	11,717	19,951.87	股吧
sz300001	特锐德	　25.45	+0.42	+1.678%	25.44	25.45	25.03	25.17	25.95	24.84	218,909	55,601.79	股吧
sz300002	神州泰岳	　5.49	-0.19	-3.345%	5.49	5.50	5.68	5.61	5.66	5.44	426,205	23,570.58	股吧
sz300009	安科生物	　15.40	-0.38	-2.408%	15.40	15.41	15.78	15.78	15.80	15.40	118,792	18,498.67	股吧
sz300010	豆神教育	　10.84	-0.20	-1.812%	10.83	10.84	11.04	11.15	11.15	10.75	123,082	13,381.37	股吧
sz300012	华测检测	　26.50	+0.57	+2.198%	26.26	26.50	25.93	26.00	26.50	25.94	113,425	29,703.98	股吧
sz300017	网宿科技	　6.97	-0.02	-0.286%	6.97	6.98	6.99	7.05	7.13	6.93	212,778	14,948.26	股吧
sz300024	机器人	　12.85	-0.17	-1.306%	12.84	12.85	13.02	13.05	13.08	12.79	90,250	11,646.82	股吧
sz300026	红日药业	　4.68	-0.08	-1.681%	4.68	4.69	4.76	4.72	4.77	4.63	261,486	12,285.88	股吧
sz300058	蓝色光标	　5.92	-0.07	-1.169%	5.91	5.92	5.99	6.01	6.04	5.89	206,472	12,312.66	股吧
sz300070	碧水源	　8.06	-0.14	-1.707%	8.05	8.06	8.20	8.15	8.24	8.01	168,049	13,589.87	股吧
sz300072	三聚环保	　5.90	-0.13	-2.156%	5.90	5.91	6.03	6.01	6.34	5.88	306,544	18,557.56	股吧
sz300088	长信科技	　9.11	-0.20	-2.148%	9.10	9.11	9.31	9.25	9.32	9.10	302,319	27,733.82	股吧
sz300113	顺网科技	　16.55	-0.34	-2.013%	16.54	16.55	16.89	16.83	16.95	16.37	78,210	12,982.78	股吧
sz300115	长盈精密	　22.80	-0.79	-3.349%	22.79	22.80	23.59	23.64	23.77	22.79	133,001	30,696.65	股吧
sz300133	华策影视	　6.59	-0.11	-1.642%	6.59	6.60	6.70	6.72	6.74	6.56	146,199	9,691.51	股吧
sz300134	大富科技	　10.39	-0.19	-1.796%	10.39	10.40	10.58	10.57	10.62	10.37	47,168	4,938.87	股吧
sz300146	汤臣倍健	　25.91	-0.49	-1.856%	25.90	25.91	26.40	26.24	26.49	25.55	158,268	41,209.35	股吧
sz300166	东方国信	　12.08	-0.21	-1.709%	12.07	12.08	12.29	12.36	12.36	12.07	115,484	14,043.40	股吧
sz300168	万达信息	　19.84	-0.17	-0.850%	19.84	19.85	20.01	20.00	20.00	19.63	90,001	17,816.25	股吧
sz300180	华峰超纤	　6.26	-0.14	-2.188%	6.26	6.27	6.40	6.43	6.43	6.26	93,244	5,884.81	股吧
sz300182	捷成股份	　4.62	-0.05	-1.071%	4.61	4.62	4.67	4.62	4.78	4.61	304,923	14,279.59	股吧
sz300207	欣旺达	　29.13	+0.43	+1.498%	29.12	29.13	28.70	28.59	29.25	28.15	186,501	53,955.44	股吧
sz300212	易华录	　26.96	-0.52	-1.892%	26.95	26.96	27.48	27.65	27.68	26.82	39,069	10,588.41	股吧
sz300223	北京君正	　92.84	-0.16	-0.172%	92.80	92.84	93.00	93.79	94.45	91.52	33,428	31,025.20	股吧
sz300244	迪安诊断	　35.72	+0.45	+1.276%	35.68	35.72	35.27	35.50	35.75	34.96	71,292	25,265.70	股吧
sz300257	开山股份	　14.22	-0.54	-3.659%	14.19	14.22	14.76	14.90	14.90	14.15	54,379	7,801.47	股吧
代码	名称	最新价	涨跌额	涨跌幅	买入	卖出	昨收	今开	最高	最低	成交量/手	成交额/万	股吧
sz300271	华宇软件	　24.50	-0.36	-1.448%	24.50	24.51	24.86	24.94	25.02	24.26	61,195	15,025.86	股吧
sz300274	阳光电源	　61.38	-0.62	-1.000%	61.37	61.38	62.00	61.31	63.65	60.12	411,165	254,857.34	股吧
sz300285	国瓷材料	　42.80	-0.27	-0.627%	42.79	42.80	43.07	42.91	43.30	42.29	62,917	26,856.35	股吧
sz300296	利亚德	　6.76	-0.09	-1.314%	6.76	6.77	6.85	6.91	6.93	6.74	298,020	20,255.36	股吧
sz300315	掌趣科技	　5.26	-0.05	-0.942%	5.26	5.27	5.31	5.34	5.35	5.19	571,450	30,034.43	股吧
sz300316	晶盛机电	　32.15	+0.37	+1.164%	32.15	32.16	31.78	32.09	32.75	31.59	228,731	73,652.35	股吧
sz300324	旋极信息	　4.56	-0.03	-0.654%	4.56	4.57	4.59	4.58	4.68	4.53	246,192	11,305.83	股吧
sz300357	我武生物	　67.99	-1.43	-2.060%	67.96	67.99	69.42	69.50	69.78	67.74	27,481	18,815.39	股吧
sz300376	易事特	　8.38	+0.02	+0.239%	8.38	8.39	8.36	8.44	8.55	8.35	377,860	31,919.30	股吧
sz300418	昆仑万维	　20.79	-0.54	-2.532%	20.79	20.80	21.33	21.37	21.39	20.78	131,540	27,673.45	股吧
sz300459	金科文化	　3.51	-0.08	-2.228%	3.51	3.52	3.59	3.58	3.62	3.50	500,915	17,731.91	股吧
sz300463	迈克生物	　45.97	-0.92	-1.962%	45.93	45.97	46.89	47.50	47.50	45.80	38,193	17,761.06	股吧
sz300474	景嘉微	　62.70	-0.96	-1.508%	62.69	62.70	63.66	64.38	64.94	62.50	33,450	21,197.89	股吧
sz300482	万孚生物	　78.00	-0.21	-0.269%	78.00	78.01	78.21	77.88	78.39	76.50	24,989	19,416.24	股吧
sz300496	中科创达	　104.35	-0.35	-0.334%	104.32	104.35	104.70	104.29	106.10	102.33	36,798	38,195.12	股吧
sz300595	欧普康视	　79.53	+0.36	+0.455%	79.40	79.53	79.17	79.52	80.66	78.39	44,231	35,189.93	股吧
sz300618	寒锐钴业	　76.95	+1.31	+1.732%	76.95	76.96	75.64	75.25	79.33	74.95	175,745	135,794.43	股吧
sz300630	普利制药	　41.45	-0.79	-1.870%	41.45	41.47	42.24	42.41	42.59	41.20	28,720	11,977.71	股吧
sz300699	光威复材	　77.42	-1.83	-2.309%	77.42	77.43	79.25	79.62	80.30	77.22	67,666	53,044.93	股吧

